experiment_number,animal_id,genotype,contig_name,contig_sequence,ref_db
25718,r19013,"12_Mamu_DQA1_26g2|DQA1_26_02_est,_DQA1_26_02_01,_DQA1_26_02_02,_DQA1_26_06,_DQA1_26_09",r19013_NODE_1_length_1551_cov_42.179775,TTATTTCTTATATATTTATTGTTATATATTATATGTTTTTGTTATATATTTTAACAGTAATGTTATTACCACTCTTATTACACTCTTTCTTATACCCTACAATTGTTAGCAGAAATTATTTTAAATTAATAAGATCCTGCATGCACTTCCTTTTTTAAAAAAAGAAAGATCTCTGTGTAGAGTGTCCTGTTCTAAGCCAGTCCTGAGAGGAAAGGAAGTATACTCAATTTGTTATTAACTCATGAAAGAATTAAGTGAAAGATAAATCTTAGGAAGCAGAGAGAAGTAAACCTAATCTATGACTAAGAAAGCTAAATACTATGATAACTAATTCATTCCTCCTTTTGTTCATTTACATTATTTAATAACAAGTCCATGATGTGCCAGGCACTCAGGAAATAGTAAAAATTGGACATGCAATATTCTGCCCTTGTGTAGCGCACACTAGAGTGGGAAAGAAAGCGCACTTTTAACCGGACAACTACCAACACGAAGAGGGGAGGAAGCAGGGGCTGGAAATATCCACAGACTGTGCCAAAGAGGAAGCCCTTAATATTTGAATGTCAGTTTCTTCCATCATTTTGTGTATTAAGGTTCTTTCTTCCCCTGTTCTCCACCTTCCTGCTTGTCATCTTCACTCATCAGCTGACCACGTTGCCTCTTACGGTGTAAACTTGTACCAGACTTACGGTCTCTCTGGCCAGTACACCCACGAATTTGATGGAGACGAGCAGTTCTACGTGGACCTGGAGAGGAAGGAGACTGTCTGGCGGTTGCCTCTGTTCAGCAAATTTGGAGGTTTTGACCCGCAGGGTGCACTGAGAAACTTGGCTGTGGGAAAACACAACTTGAACATCCTGATTAAACACTCCAACTCTACCGCTGCTACCAATGGTATGTGTCCACCATTCTGTCTCTCTTTACTCAATCTATCCCTTCATGCCAAGTTTCATTATTTTCTTTCCAAGAGGTCCCCAGATCTTCTCATGGCAATTGCTGAAGTTTTATCATCTCCCATCTCTAAAATCACATATTCCCATGGAATACAAGGGTCTTTCCATTATCCATTAATTAAATCCTTCTAGGAGAGGTCTCATCAACCTCCTACTTTATTAAACATGCCCACAGAGAGAAGGGCACAGGAATAAAGCAGAGGCAAAGTGTCGTTACTCCCAAGAGAAGGTACATAAGACCTCTTTGACCAGCAGGAGAGGAAATGCTGGTAGGAGGGCTCTTCCAGGATGTAATGCAGAAGCTCAGGGCAGAGCTACTCACACTTCACATCAGTGCTGTTTCCTCACCACAGAGGTTCCTGAGGTCACAGTGTTTTCCAAGTCTCCCGTGACGCTGGGTCACCCCAACACCCTCATCTGTCTTGTGGACAACATCTTTCCTCCTGTGGTGAACATCACATGGTTGAGCAATGGGCACTCGGTCACAGAAGGTGTTTCTGAGACCAGCTTCCTCTCCAAGAGTGATCATTCCTTCTTCAAGATCAGTTACCTCACCTTCCTCCCTTCTGCTGATGAGATTTATGACTGCAGGGTGGAG,Mamu_MiSeq-IPD_17.06.01_2.2.0.0_plus_SP.fasta
25718,r19013,07_Mamu_DRB1_04_06_01,r19013_NODE_2_length_1460_cov_54.624906,AGATCATCCTATTATTCTCTGTTCTAGAACTCCACACTTCCGACATTTCTCATTCCTGTCTAAGCTCCAGCGTGTTTGGTTTGTGGCCATGACTTTCCCTGCTCCTTAAGCTCCCCAGCGGAGTGGAGAGGTCTGTTTTCCCTTGTTTGGATTCCTAGAGTCCTGGCACAAGGTCCTCACTAAGGAAGTGTTCACAGGGTGATCGCGGTGGGTGTTGTTGAAGGAACCGGTAAAGCCTGTGGGATGAGAGAAGGAGCAGGAGTGTCTTTGGGGTGGAGGATCCCAGAGGAGGCAGCGCGGGCTGCGATGCTGGGCGGATCCTCCTCCAGCTCCTGCATTGAGTTCTCCAGAACAGGCTGGAGGAGGGGAGGAGGTCCCAAAAGCCTGAGGATCAGAAGGGGTTTTCCCGCCTGGTCCCCCAGGCCCCCGTTCGCCTCAGGGAGACGGAGGATGAGCCCCTGGGTTGCTGGTGGTGGCTGTTGCGGGTGGGGCGGGTTAAGGTTCCCAGTGCCCGCGCCCGCCCAGGGAGCCCCGGATGTCGGCGTCGCTGTCAGTGTCTTCTCAGGAGGCCGCCCGTGTGACCGGATCCTTCGTGTCCCCACAGCACGTTTCTTGGAGCAGGTTAAACATGAGTGTCGTTTCTTCAACGGGACGGAGCGGGTGCGGTACCTGGAGAGACACTTCTATAACCAGGAGGAGTTCCTGCACTTCGACAGTGACCTGGGGGAGTTCCGGGCGGTGACGGAGCTGGGGCGGCCTGACGCCCAGTACTTGAACAGTCAGAAGGACCTCCTGGAAGACAGGCGGGCCCGGGTGGACACCTACTGCAGACACAACTACGGGGTTGCGGAGAGCTTCACAGTGCAGCGGCGAGGTGAGCGCGGCGCGGGCGGGGCCTGGGTCCCTGTGAGCTGGGAATCTGAGAGTGTGTGTGTGTGTGTGTGTGTGTGTGTGTGTGTGTGTGAGAGAGAGAGAGAGAGAGAGAGAGAGAGAGAGAGCGCCATCTGTGAGCATTTAGAATCCTCTCAATCCTGAGCAAGCAGTTCTGAGGGCACAGGTGTGTGTGTAGAGTGTGGATGTGTCTGTGTGGCTGTTGTGGGAGGGGAGGCAGGAGGGGGATTCTTCTTATCCTTGGAGGCCTCTGTGGGGAGGTGACATGGGAGGTGGGTGCAGGGGGCTGGAGAGAGAGGAGACCTTGATTGTCTGGGGTCCTTAGAGATGCAGGGAAGGGAAATGTAAGGAGTATGTGGTTGGGGTGAAGGTTTAGGGGAGGAGAGCTGAGGGGTAAGGAAGGTTTGGGATAATGTGAGGAGGTCAGTTCCATACTGTCCCTGGCACACACCCTTCATGTAATCTCTGAAATAAAAGCGTGTGGTGTTTGTTTGTAAAAGCATTAGATTAATTTCTAGGGGAATTGAGGAGACCTCTGAGGCATCTCTGAAGCTTCTTTAGGTCTAAAT,Mamu_MiSeq-IPD_17.06.01_2.2.0.0_plus_SP.fasta
25718,r19013,15_Mamu_DPB1_07_01,r19013_NODE_3_length_1400_cov_77.555381,TACATTTCCTAAATGCAAAACAACAGGAGCAGGTTGAGGAATTCTCAATAAACTGGTAGAGAATAGAGAGTGCCTAGCTGTGGAAAAGAGAAAGAAGGAAGGGAGGGCTTCCTGGAGGAGGCGGCATTTGAACTAGGACTGACATCAGTATGGAAACATCAGGTAGGGAGTTGAGTAGGGGGAGCAGCTCCTCCCTCCACATCCCCAGCGCCTCCCGCCCCTGGTTTTTCTCCCAGCGACCGCAAGTGAAACATCTCCCCCTCCTCCTCCAGCCACCAGCAGAAGGGACTGCCTTCCCCTCAGTGTTCGCCCCTCCCTAGTGATCACTTAGTCCCCCTGAGCAGTGAATCTCATTCTTTTCAGTAAATTCTCTCTGTGTGGTGAGAAAACAGGCCTGGAGAGGCTCAGCGACCTGCCTAGGACCACAGAACTCGGTACTAGGAAAACTATTTTAAAATCCAGCCCTGAGTGGGAAGATTTGGGAAGAATCGTTAAAATTGAGAGAAGGGGGGAGAAAGAGGATTAGGTGAGAGTGGCGCCCCCGCTCATGTCCGCCCCCTTCCCGCAGAGAATTACGTGTTCCAGGGACGGCAGGAATGCTACGCGTTTAACGGGACACAGCGCTACCTGGAGAGATACATCTACAATCGGGAAGAGTACGTGCGCTTCGACAGCGACGTGGGGGAGTTCCGGGCGGTGACGGAGCTGGGGCGGCCTGATGCGGAATACTGGAACAGCCAGAAGGACCTCCTGGAGGAGATGCGGGCAGTGGTGGACACGATGTGCAGATACAACTACGAACTGGACGAGGCCGTGACCCTGCAGCGCCGAGGTGAGTGAGGGCTTTGGGCAGGGGGTCCCAGGGCAGCCACGGGGGCCCAAGCCCAGGGCGCAGAAGCAGCCAGGCCGGCCTAAGGGACATTAGTGCCAGGCAGAAAGGGGACTTTGGACTGAGGATTCATGGGTGAGCCCATCTGGCGTTTGTCAGGGGAGCGAGCGTGCGGACCTGAACTGGGCTGAGCATGGAGTGAGGAGGATGGGAGCAGAGAGACCCCCTGGACTTCATCAGGCCTGGCAGCTGACTGCATGTGGGGGTGAGGAGAAAGGAGGCCACAGGACAGCGTGCAGGGGTGTGGTGTGGAGATGGAGGTGGAGATGGCACAGCAGGCCACGCAGAGAAGAAACCTGCAGGGAGACGGCTGGGTTTGAGGTTCCTGAGGGGCCAGATGGATGGTCTGATGGTCAGGTAGACAGAAGGGTCTGCAGCCAGGGAGGAGACTGGGCTACATGAGACCACCCAGGGAGAGGGGACCCCGGGGAAGAGCTGGATCCCAGGAACTGGACAGTTGTGATTTGGCCAACAAAAAAAAATCTGTGAAAGAGACAAAAAACAAAAACAA,Mamu_MiSeq-IPD_17.06.01_2.2.0.0_plus_SP.fasta
25718,r19013,10_Mamu_DRB5_03_01,r19013_NODE_4_length_1325_cov_90.519199,TGCTCTTTAAGCTCCCCCAGCGGAGTGGAGAGGTCTGTTTTCCCTCATTTGGATTCCCAGAGGTAGCGCAGGCCAGACACAAGGTCATCACTAAGGAAGTGTTCACAGGGTGAATGCGGTGGGTGTTAAGGAACGCGTAAAGCCTGTGGGATGAAGGAAGGAGCAGAGAGTGTCTGTGGGGTGGAGGCTCCCAGAAGGAGGCGGCGAGGGCTGAGGTGTTGGGTGGATCCTCCTCCAGCTCCTGCTTGGAGGTCTCCAGAACAGGCTGGAGTCAGGGAGGGGGTCCCAAAAGCCTGGGGATTAGAGGGGGTTTTCCTGCTTGGTCCCCCTGGTCCCCGTCCCCCTCAGGAAGACGGAGGATGAGCCCCTGGGCTGCGCGTGGTCGGGGTTGTGGTTGGGATCAGTCAAGGTTCCCAGTGCTGGCACGCCGCCCAGGTAGTCCCGGATGGCGGCGTCTCTGTCAGTGTCTTCACCGGAGGCCGCCCCTGTGACCGGATCATTCCTGTCCCCACAGCACGTTTCTTGAAGCAGGATAAGTTTGAGTGTCATTTCTTCAACGGGACCGAGCGGGTGCGGTTCCTGCACAGAGACATCTACAACCAAGAGGAGGACTTGCGCTTCGACAGCGACGTGGGGGAGTACCGGGCGGTGACGGAGCTGGGGCGGCCTGACGCCGAGTACTGGAACGGCCAGAAGGACATCCTGGAGCGGAGGCGGGCCGAGGTGGACACAGTGTGCAGACACAACTACGGGGTTTTTGAGAGCTTCACAGTGCAGCGGCGAGGTGAGCGCGGCGGGGGCGGGACCTGGGTCCCTGTGAGCTGGGAATCTGAGTGTGAGAAAGAAAGAGAAAGAAAGAGAGAGAGCGCGCGCCATCTGTGAGCATTTAGAATCCTCTCAATCCTGAGCAAGGAGTTCTGAGGGCACAGGTGTGTGTAGAGTGTGGATTTGTCTTTGTGTCTGTTGTGGGAGGGGAGGCTGGAGGGGGCTGCTTCTTACTCTTGGAGGCCTCTGTGGGGAGGTGACATGGGAGGTGGGTGCAGGGGGCTGGAGAGAGAGGAGACCTTGATTGTCCTGGGTCCTTAGAGATGCAAGGAAGGGAAATGTAAGGTGTATGTGGTTGGGGTGAAGGTTTAGGGGAGCAGAGCTGAGGGGTCTGGAAGGTTTGGGATAATGTGAGGAGGTCAGTTCCAGACTGTCCCTGGCACACACCCTTCTTGTAATCTCTGAAATAAAAGTGTGTGGTGTTTGTTTGCAAAAGCATTAGATTGATTTCTAGGGGAATTGAGGAGATCTCTGAGGCACCTCTGAAGCTTCTTTAGGTC,Mamu_MiSeq-IPD_17.06.01_2.2.0.0_plus_SP.fasta
25718,r19013,"01_Mamu_A1_004g|A1_004_01_01,_A1_004_01_02,_A1_004_02_01,_A1_004_02_02,_A1_004_05,_A1_004_06",r19013_NODE_5_length_1307_cov_44.819492,TGGCTCTCAGGGTCTCAGGCCCCGAAGGCGGTGTATGGATTGGGGAGGCCCAGCGTTGGGGATTCCCCATCTCCCCAGTTTCTCTTCTTCTCACAACCTGCGTCGAGTCCTTCTTCCTGGATACTCACTACGCGGACCCAGTTCTCACTCCCATTGGGTGTCAGGTTTCTAGAGACGCCAATCAGCGTCGCCGCAGTCCTGGTCCTAAAGTCCCCACTCACCCACCAGGACTCAGATTCTCCCCAGACGCCGAGGATGGCGGTCATGGCGCCCCGAACCCTCCTCCTGGTGCTCTCAGGGGTCCTGGCCCTGACCCAGACCCGGGCGGGTGAGTGCGGGGTCGGAAGGGAAACGGCCTCTGCGGGGAGGGGGGAGGAGGGAGGGGCCCGCCCGGCGGGGGCGCAGGACCCGGGGAGCCGCGCGGGGAGGAGGGTCGGGCTGGTCTCAGCCTCTCCTCGCCCCCAGGCTCGCACTCCATGAGCTATTTCTACACCTACATGTCCCGGCCCGGCCGCGGGGAGCCCCGCTTCGTCGCCGTGGGCTACGTGGACGACACGCAGTTCGTGCGGTTCGACAGCGACGCCGCGAGCCAGAGGATGGAGCCGCGGGCGCCGTGGGTGGAGCAGGAGGGGCCGGAGTATTGGGACCGGGAGACACGGATCATGAAGACCGAGACACAGAATGCCCCAGTGGCCCTGCGGAACCTGCGCGGCTACTACAACCAGAGCGAGGCCGGTGAGTGACCCCGGCCCGGGACGCAGGTCACGACCCCTCCCCATCCCCCACGGACGGCCCGGGTGGCCCCGAGTCTCCGGGTCCCAGATCCACCCCGAAGCCGCGGGACCCCGAGACCCTTGCCCCGGGAGAGCCCCAGGCGCCTTTACCCGGTTTCATTTTCAGTTGAGGCCAAAATCCCCGCGGGTTGGTCGGGGCGGGGCGGGGCTCGGTGGGCGGGGCTGACCGCGGGGGCGGGGCCAGGGTCTCACACCTACCAGGTGATGTACGGCTGCGACCTGGGGCCCGACGGGCGCCTCCTCCGCGGGTATGAACAGTTCGCCTACGACGGCAAGGATTACATCGCCCTGAACGACGACCTGCGTTCCTGGACAGCCGCGGACTTGGCGGCTCAGAACACCCAGCGGAAGTGGGAGGCGGCGGGTGTGGCGGAGCAGCACAGAACCTACCTGGAGGGCGAGTGCCTGGAGTGGCTCCGCAGATACCTGGAGAACGGGAAGGAGACGCTGCAGCGCGCGGGTACCAGGGGCCACGGGGCGCCTCCCTGATCGCCTCTAGATCTCCCAGGCTGG,Mamu_MiSeq-IPD_17.06.01_2.2.0.0_plus_SP.fasta
25718,r19013,"12_Mamu_DQA1_01g1|DQA1_01_04_01,_DQA1_01_04_02",r19013_NODE_6_length_1295_cov_62.282534,TTTTTTTTAAAAAGAAAGACCTCTGTGTAGAGTGTCCTATTCTGAGCCAGTCCTGAGAGGAAAGGAAGTGTAATCAATTTGTTATTAATCGATGGAAGAATTAAGTGAAAGATAAATCTTAGGAAGCAGAGGGAAGTAAATCTAATCTCCGACTAAGAAAGCTAAATACTATGATAACTCATTCATTCCTTCTTTTGTTCATTTACATTATTTAATCATAAGTCCATGACGTGCCAGGCACTCAAAATAATAAAAATTGTACATGCGATATTCTGCCCTTGTGTAGTGCACACTACAGTGGGAAAGAAAGTGCACTTTTAACCGGACTACTACCAACATGAAGAGGGGAGGAAGCAGGGGCTGGAAATGTCCACGGACTGTGCCAAAGATGAAGCCCATAATATTTGAAAGTCAGTTTCTTCCATCATTTTGTGTATTAAGGTTCTTTCTTCCCCTGTTCTCCGCCTTCCTGTTTGTCATCTTCACTCATCAGCTGACCACGTTGCCTCTTGCGGTGTAAACTTGTACCAGTCTTACGGTCCCTCTGGCCAGTACACCCATGAATTTGACGGAGACGAGCAGTTCTACGTGGACCTGGGGAGGAAGGAGACGGCCTGGCGATGGCCTGAGTTAAGCAAATTTGGAGGTTTTGACCCGCAGGGTGCACTGAGAAACTTGGCTACAGTAAAATACAACTTGAACATCATGACTAAACGCTACAACTCTACCGCTGCTACCAATGGTATGTGTCCACCATTCTGCCTCTCTTTACTCAGTCTATCCCTTCATACCGTGTTTCATTATTTTCTTTCCAAGAGGTCCCCAGATCTTCTCATGGCAATTGCTGAAATTTTATCATCTCCCATCTCTAAAATCACATATTCCCATGGAATACAAGGGTCTTTCCATTATCCATTCATTAAATCCTTCTAGGAGAGGTCTCATCAACCTCCTACTTTATTAAACATGCCCACAGAGAGAAGGGCATAGGAATAAAGCAGAGACAATGTGTCATTGCTCCCAAGCAGAAGGTGAATAAGACCTCTTTGACTATCAGGTAGTGAAATGCTGGTAGAAGGGCTCTTCCAGGATGTAATGCAGAAGCTCAGGATAGAGCTATTTGCACTTCATATCAGTGCTGTTTCCTCACCACAGAGGTTCCCGAGGTCACAGTGTTTTCCAAGTCTCCCGTGACACTGGGTCAGCCCAACACCCTCATCTGTCTTGTGGACAACATCTTTCCTCCTGTGGTGAACATCACATGGTTGAGCAGTGGGCGCTCAGTCACAGAAGGG,Mamu_MiSeq-IPD_17.06.01_2.2.0.0_plus_SP.fasta
25718,r19013,"02_Mamu_A4_14g1|A4_14_03_01,_A4_14_03_02,_A4_14_03_04,_A4_14_05_01,_A4_14_05_02,_A4_14_09,_A4_14_14,_A4_14_15,_A4_14_17_01,_A4_14_17_02,_A4_14_18,_A4_14_20,_A4_14_21,_A4_14_22",r19013_NODE_7_length_1285_cov_32.186528,AGGGCGAAGTCCCAGAGCCCCAGGTGTGGCTCTCAGGGTCTCAGGCCCCGAAGGCGGTGTATGGATTGGGGAGTCCCAGCGTTGGGGATTCCCCATCTCCGCAGTTTCTCTTCTTCTCACAACCTGCGTCGAGTCCTTCTTCCTGGATACTCACGACGCGGACCCCGTTCTCACTCCCATTGGGTGTCGGTTTCTAGAGACGCCAATCAGCGTCGCCGCGGTCCCGGTTCCAAAGTCCCCACTAACCCACCAGGACTCAGAGTCTCCGCAGACGCCAAGAATGGCGGTCATGGCGCCCCGAACCCTCCTCCTGGTGCTCTCAGGGGCCCTGACCCAGACCTGGGCCGGTGAGTGCGGGGTCGGGAGGGAAACGGCCTCTGCGGGGAGGAGCGAGGGGCCCGCCCGGCGGGGGCGCAGGACCCTGGGAGCCGCGCGGGGAGGAGGGTCGGGCGGGTCTCAGCCTCTCCTCGCCCCCAGGCTCTCACTCCATGAGGTATTTCTACACCTCCATGTCCCGGCCCGGCCGCGGGGAGCCCCGCTTCATCGCCGTGGGCTACGTGGACGACACGCAGTTCGTGCAGTTCGACAGCGACGCCGCGAGCCAGAGGATGGAGCCGCGGGCGCCGTGGGTGGAGCAGGAGGGGCCGGAGTATTGGGACCGGGAGACACGGAACATGAAGACCGCGACACAGAATGCCCCAGTGGCCCTGCGGAACCTGCTCCGCTACTACAACCAGAGCGAGGCCGGTGAGTGACCCCGGCCCGGGGCGCAGGTCACGACCCCTCCGCATTCCCCACGGACGGCTCGGGTGGCCCCGAGTCTGCGGGTCCCAGATCCAACCCGAAGCCGCGGGACCCGGGGACCTTTGACCCGGGAGAGCCCCAGGCGCCTTTACCCGGTTTCATTTTCAGTTGAGGCCAAAATCCCCGCGGGTTGGGCGGGGCGGGGCGGGGCTCCGGGGACGGGCTGACCGCGGGGGCGGGGCCAGGGTCTCACACCTTCCAGAGGATGGTTGGCTGCGACCTGGGACCCGACGGGCGCCTCCAACGCGGGTATGAACAGTTCGCCTACGACGGCAGGGATTACATCGCCCTGAACGAGGACCTGCGCTCCTGGTTCGCGGCGGATGTGGCGGCTCAGAACACCCAGCGGAAGTGGGAGGCGGCGGGTGTGGCGGAGCAGGACAGAGTCTACCTGGAGGGCCGGTGCGTGGAGTGGCTCCGCAGATACCTGGAGAACGGGAAGGAGACGCTGCAGCGCGCGGGTACCAGGGGCCACGGGGCG,Mamu_MiSeq-IPD_17.06.01_2.2.0.0_plus_SP.fasta
25718,r19013,18_Mamu_AG_02_SP_exp13258_ctg1_168597_157bp,r19013_NODE_8_length_1255_cov_40.520390,GTTTCTCAGACAGCTCCTGGGCCAAGACTCAGGGAGACATTGAGACAGAGCGCTTGGCACAGGAGGAGCGGGGTCAGGGCGAAGTCCCAGGGCCCCAGGTGTGGCTCTCAGGGTCTTAGGCCCCGAAGGCGGTGTATGGATTGGGGAGTCCCAGCGTTGGGGATTCCGCATCTCCGCAGTTTCTCTTCTTCTGACAACCTGCGTCCTGTCCTTCTGCCGGAATACTCACCACGCGGACCCCGTTCTCACTCCCATTGGGTGTCGGGTTTCTAGAGACGCCAATCAGCGTCGCCGCGGTCCCGGTTCTAAAGTCCCCACTCACCCACCAGGACTCAGATTCTCCGCAGACGCCAAGGATGGCGGTCATGGCCCCCCGAACCCTCCTCCTGGTGCTCTCAGGGGTCCTAGCCCTGACCCGGACCTGGGCCGGTGAGTGCGGGGTCGCGAGGGAAACGGCCTCTGCCGAGAGCAGCGAGGGCCCCGCCCAGCGGGGGCGCAGGACCGGGGAGCCGCGCGGGGAGGAGGGTCGGGCGGGTCTCAGCCTCTCCTCGCCCCCAGGCTCGCACTCCATGAGGTATTTCTACACCTCCATGTCCCGGCCCGGCCGCGGGGAGCCCCGCTTCTTCGCCGTGGGCTACGTGGACGACACGCAGTTCGTGCGGTTCGACAGCGACGCCGAGAGTCCGAGGATGGAGCCGCGGGCGCCGTGGGTGGAGCAGGAGGGGCCGGAGTATTGGGACCGGGAGACACAGAACATGAAGAACGCGACACAGACCTACCGAGGGAACCTGCGGACCCTGCTCCGCTACTACAACCAGAGCGAGGCCGGTGAGTGACCTCGGCTCGGGGCTCAGGTCACGACCCCTCCCCATCCCCCACGGACGGCCCGGGTGGCCCCGAGTCTCTGGGTCCCAGATCCACCCCGAAGCCGCGGGACCCGGGGACCCTTGACCCGGGAGAGCCCCAGGAGCCTTTACCCGATTTCCTTTTTAGTTTGGGCCAAAATCCCCGTGGGTTGGTCGGGGCGGGGCGAGGCTCGGTGGGCGGGGCTGACCGCGGGGGCGGGGCCAGGGTCTCACACACTCCAGAAGATGTACGGCTGCGACCTGGGGCCGGACGGGCGCCTCCTCCGCGGGTATGAACAGTTCGCCTACGACGGCAGGGATTACATCGTCCTAAACGAGGACCTGCGCTCCTGGACCGCTGCGGACTTGGCGGCTCAGAACACCCAGCGAAAGTGGGAGGCGGCCCGTGC,Mamu_MiSeq-IPD_17.06.01_2.2.0.0_plus_SP.fasta
25718,r19013,07_Mamu_DRB1_03_09,r19013_NODE_9_length_1229_cov_65.245009,GTTTCTCATTCCTGTCTAAGCTCTTGTGTGTTTGGTTTTTGGCCATCGATTTCACTGCTCTGTAAGCTCTCCCAGCGGAGTGGAGAAGTCTGTTTTCCCTTGTTTGGATTCCTAGAGGCAGTGCAGGCCTGGTACAAGGTCATCACTAAGGAAGTGTTCACAGGGTGAAGGCGGTGGGTGCTGTTGAAGGAACCGGTACAGCGTGTGGGATGAGAGAAGGAGCAGAGAGTGTCTGTGGGGTGGAGGCTCCCAGGAGGAGGGGGTGCGGACTGCGGTGCTGGGCGGATCCTCCTCCAGCTCCTGCTTGGAGTTCTGCGGAACAGGCTGGAGGCAGGGAGGGGGTCCCCAAAGCCTGGAGGTCAGAAGGGGTTTTCCCGCCTGGTCCGCCAGGCCCCCGTTGAGCCCCTGGGCTGCTGGTGGGCGGTGCGGGTGGAGCTGGTTAAGGTTCCCAGTGCCCGCACCGCGCCCAGGGAGCCCCGGATGGTGGCGTCACTGTCAGTGTCTTCTCAGGAGGCCGCCCGTGTGATCGGATCGTTCGTGTCCCTACAGCACGTTTCTTGGAGTACCTTACCTCTGAGTGTCATTTCTTCAACGGGACGGAGCGGGTGCGGTTCCTGGAGAGATACTTCCATAACCAGGAGGAGTTGGTGCGCTTCGACAGCGACGTGGGGGAGTACCGGGCGGTGACGGAGCTGGGGCGACCTGAAGCCGAGTCCTGGAACAGCCAGAAGGACATCCTGGAGCAGAAGCGGGCCCAGGTGGACAACTACTGTAGACACAACTACCGGGTTGGTGAGAGCTTCACAGTGCAGCGGCGAGGTGAGCATGGCTGTGGGGAGGGGGGCCTGGATCCCTGTGAGCTGGGAATCTGTGTGTGTGTGTGTGTGTGTGTGTGTGTGTGTGTGTGTGTGTGTGTGTGTGTGAGAGAGAGAGAGAGAGAGAGAGAGAGAGAGAGACAGAGACAGAGACAGAGACAGAGAGCCGTCTGTGAGCATTCAGAATCTTCTCTATCCTGAGCAAGCAGTTCTGAGGGCACAGGTGTGTGTAGAGTGTGGATGTGTCTGTGTGTCTGTTGTGGGAGGGGAAGCAGGAGGGGGCTGCTTCTTATCCTTGGAGGCTTCTGTGGGAAGGTGATAAGGGAGGTGGGTGCGGGGGCTGGAGAGAGAAGAGACCTTGATTGTCTGAGGTCCTTAGAGATGCAGGGAAGGGAAATGTAAGGAGTATATGGT,Mamu_MiSeq-IPD_17.06.01_2.2.0.0_plus_SP.fasta
25718,r19013,04_Mamu_B_063_03,r19013_NODE_10_length_1228_cov_15.741144,AGGCTCCGAGAGCCTCGTCTGCATTGGGGAGGCGCAGAGTTGGGGATTCCCCACTCCAGTGGTTTCACTTCTTCTCCCAACCTGTGTCGGGTCCTTCCTCCAGGATACTCGTGACGCGTCCCCAGTTCCCACTCTCATTGGGTGTCGGATGTCTAGAGAAGCCAATCAGCGTCGTCGCGGTCTCTGTTCTAAAGTCCTCACGCGCCCATCCGGACTCAGAGTCTCCTCAGACGCCGAGATGCGGGTCATGGCGCCCCGAACCCTCCTCCTGCTGCTCTCGGGGGCCCTGGCCCTGACCGAGACCTGGGCCGGTGAGTGCGGGGTCGGGAGGGAAACGGCCTCTGCGGGGAGGAGCGAGGGGACCGCAGGCGGGGGCGCAGGACCCGGGGAGCCGCGCGGGGAGGAGGGTCGGGCGGGTCTCAGCCTCTCCTCGCCCCCAGGCTCGCACTCCTTGAGGTATTTCAGCACCGCCGTGTCCCGGCCCGGCCGCGGGGAGCCCCGCTTCATCTCCGTGGGCTACGTGGACGACACGCAGTTCCTGCGGTTCGACAGCGACGCCGCGAGTCCGAGGATGGAGCCGCGGGCGCCGTGGGCGGAGCAGGAGGGGCCGGAGTATTGGGAAGAGCAGACAGGGCTCGCCAAGGACATCACACAGTCCTTCCGAGTGGGTCTGGGGAACCTGCGCGGCTACTACAACCAGAGCGAGGCGGGTGAGTGGTCCCGGCCTGGGGCGCAGGTCACGACCCCTCCCCATCCCCCACGGATGGCCCGGGTCTCCCCGAGTCTCCGGGTTCGAGATCCGCCCCGAGGCCGCGGGACCCGCCCAGACCCTCGACCGGGGAGAGCCCCAGGCGCCTTTACCCGGCTTCATTTTCAGTTGAGGCCAAAGTCCTCGCGGGTTGGTCGGGGCGGGGCGGGGCTCGGTGGGCGGGGCTGACCGCGGGGGCGGGGCCAGGGTCTCACACCCTCCAGTGGATGTATGGCTGCGACCTGGGGCCCGACGGGCGCCTCCTCCGCGGGTATCACCAGTTCGCCTACGACGGCAAGGATTACATCGCCCTGAACGGAGACCTGCGTTCCTGGACCGCGGCAGACACGGCGGCTCAGATAACCCAGCGCAAGTGGGAGGCGGCCCGCGAGGCAGAGCAGATGAGAGCCTACCTGGAGGGGACGTGCCTGGAGTGGCTCCGCAGACACCTGGAGAACGGGAAGGAGACGCTGCAGCGCG,Mamu_MiSeq-IPD_17.06.01_2.2.0.0_plus_SP.fasta
25718,r19013,"11_Mamu_DRB_W2g|DRB_W2_01,_DRB_W2_05",r19013_NODE_11_length_1227_cov_110.281818,TTTCACAGGGGGATCGCGGTGGTTGCTGCTGAAGTAAAGCCTGTGGGATGAGAGAAGGAGCAGAGTGTCTTTGGGGTGGAGGCTCCCAGGAGGAGACGACGCGGGCTGCGATGCTGGGCGGATCCTCCTCCAGCTCCTGCACTGAGTTCTCCAGAACAGGCTGGAGGCAGGCAGGGGTTTCCAAAAGACTGGGGATCAGAAGGGGTTTTCCCGCCTGGTCTCCCAGGCCCCCGTTCGCCTCAGGAAGACTGAGGATGAGCCCCTGGGCTGCTGGCGGGCGGTGCGGGTGGGACCGGTTAAGGTTCCCAGTGCCCTCGCCCCGCCCAGGAGCCCCGGATGGCGGCGTCGCTGTCAGTGTCTTCTCAGGAGGCCGCCAGTGTGACCGGATCCTTCGTGTCCCCACAGCACGTTTCCTGGGGCATGCTAAGTCAGAGTGCCATTTCTTCAACGGGACGGAGCGGGTGCGGTTCCTGCAGAGATACATCTATAACCAGGAGGAGTTCGTGCGCTTCGACAGCGACGTGGGGGAGTTCCGGGCGGTGACGGAGCTGGGGCGGCCTGACGCCGAGTCCTGGAACACTCGGGAGGACATCCTGGAGCGGGAGCGGGCCCAGGTGGACACCTTCTGCAGACACAACTACGGGGTTGGTGAGAGCTTCACAGTGCAGCGGCGAGGTGAGCGCGGCGGGGACGGGGCCTGGGTCCCTGTGAGCTGGGAATCTGAGTGTGTCTGTGAGTGTGTGTGTGTGTGTGTGTGTGTGTGTGTGTGAGAGAGAGTGTGTGTGTGTGTGTGTGTGTGAGAGAGAGAGACAGAGACAGAGAGACAGAGAGAGAGAGACAGAGACAGAGAGAGCGCGCCATCTGTGAGCATTTAGAATCATCTCTATCCTGAGCAAGCAGTTCCGAGGGCACAGGTGTGTGTGTAGAGTGTGGATGTGTCTGTGTGTGTGTTGTGGGAGGGGAGGCAGGAGGGGGCTGCTTCTTATCCTTGGAGGCCTCTGTGGGGAGATGACATGGGAGGTGGGTGCAGGGGACTGGAGAGAGAGGAGACCTTGATTGTCCTGGGTCCTCAGAGATGCAGGGAAGGGAAATGTAACGGGTGTGTGGTTGGGGTGAAGGTTTAGGGGAGGAGAGCTGAGGGGTCTGGAAGGTTTGGGATAACGTGAGGAGGCCAGTTCCAGACTGTCCCTGGCACACACCCTTCATGTAATCTCTGAAATAAAAGCG,Mamu_MiSeq-IPD_17.06.01_2.2.0.0_plus_SP.fasta
25718,r19013,"14_Mamu_DPA1_02g1|DPA1_02_01,_DPA1_02_04,_DPA1_02_05,_DPA1_02_06,_DPA1_02_07_01,_DPA1_02_07_02,_DPA1_02_09,_DPA1_02_12,_DPA1_02_18",r19013_NODE_12_length_1210_cov_161.485688,TCCCACCCCATGACTCGAAAAACAATTTTACATCTGTGTCTTAGAAGAATTAAGACCTTAAGGGTAGAAAAAATCTACTAGTTCCACCAGTAGCTGTATGACCTTGGCCAGTTATTAATATATAACCTCTCTGCATTTCCTTACCTGTAAAATAGTATGCTATGTATTTGCTTCATAGGGTTATTGTGATAATTCAACGAGTGAAATATGTAAAGTATTTAGAAGGATGCCTGGTGCAAGTAAGTGCTCAACAAATGTTAGCTGTCATTGTTACTATTGCTATTTTGTAGGGTCAGGATGCCCAGACTTTCAAAGGCCAGGAAGCAGCTTGACTTATCAATGATAAACTTCATTTTGTTCTTCGCTCCTTTCTTTTTATAACTACTCAACTGCTCTGTATTATTTCCTTAATGGTGTTGGTCTCTCTTCCCCATATGTCCTGCCTTTGACCTCTTACCTTCTTCCTTTTTATATTCGTAAGTCTTTATTCATTCTCTAGCTTTCACCACTTGCATATTCAAATTGACATTTTGTCATGTTTTTCTCTACTTTCTTTATGCAGCAGACCATGTATCAACTTATGCCGCGTTTGTACAGACACATAGACCAACAGGGGAGTTTATGTTTGAGTTTGATGAAGATGAGCAGTTCTATGTGGATCTGGACAAGAAGGAGACCGTCTGGCATCTGGAGGAGTTTGGCCGAGCCTTTTCCTTTGAGGCTCAGGGCGGGCTGGCTAACATTGCTATATTGAACAACAACTTGAATATCACGATCCAGCGTTCCAACTACACTCAGGCCGCCAATGGTATTGCCTATCTTTGCCTCTTCCTCTGTAGCCCAACTGGAAGGGATGAGAGGGCCTCTCTGCCACCCTTAGACTAGGAAGCCTAAGTGCCCCCTGCTGTGTGATCCTCTTCCCCTAGTGGCCATGGGCTGATCCCACTACAGCAAGGGCTTGCATCCTCTCTTCTCAGGAGAGAGAAAGGTGAGCAGAGTGAGGCTGGTCAGTGGTGTGATACCCCTCTCTGTGATTCAGAGCTGCCATAAAATCTAAGGCTGAGGTAGAGGACCACCCTCCTCCCCCACAAGAAGTGGAGCCTTTGTGATTCATCCCAGAAGAGGGGCCTAACCTGGTGCTCTCTCCTCCCAGATCCCCCTGAGGTGACCGTGTTTCCCAAGGAGCCTGTGGAGCTGGGCCAACCCAACA,Mamu_MiSeq-IPD_17.06.01_2.2.0.0_plus_SP.fasta
25718,r19013,"04_Mamu_B16_01g2|B16_01_02,_B16_01_09",r19013_NODE_13_length_1196_cov_21.874649,CGCTGGGTTGGTGATTCCCCACTCCCCTGAGTTTCACTTCTCCCAGTCTGTGTCGGGTCCTTCTTCTAGGATACTCACGACGAGTCCCCAGTTCCCACTCCCATTGGGGGTCGGGTTTCTAGGGAAGGCAATCAACGTCGCCCCGGTTCCAGTTCTAAAGTCTCCACGCACCCACCCGGGCTCAGAGTCTCCTCAGACGCACAGGGTGCGGGTCATGATGCCCGGAACCGTCCTCCTGCTGCTCTCGGGGGCCCTGGCCCTGACCGAGACCTGGGCCGGTGAGTGCGGGGTCTGGAGGGAAATGGCCTCTGCGGGGAGGAGCGAGGGGACCGCAGACGGGGGCGCAGGATCCGGGGAGCCGCGCGGGGAGGAGGGTCGGGCGGGTCTCAGCCTCTCCTCGCCCCCAGGCTCGCACTCCTTGAGGTATTTCAGCACCTCCGTGTCCCGGCCCGGCCGCGGGGAGCCCCGCTTCATCTCCGTGGGCTACGTGGACGACACGCAGTTCCTGCGGTTCGACAGCGACGCCGCGAGTCCGAGGATGGAGCCGCGGGCGCCGTGGGTGGAGCAGGAGGGGCCGGAGTATTGGGACCGGGAGACGCGGAACGCCGAGGGCCACGCACAGACTCACCGAGAGAACCTGCAGACCCTGCTCCGCTACTACAACCAGAGCGAGGCCGGTGAGTGGCCCCGGCCCGGGGCGCAGGTCACGGCCCCTCCCCATCCCCACGGACGACCCGGGTCGCCCCGAGTCCCTGGGTCCGAGATCCGCCCCGAGGCCGCGGGACCCGCCCAGACGTTTGACCGGAGAGAGCCCCAGGCGCGTTTACGCGGTTTTATTTTCAGTCGAGGCCAAAGTCTCAGCGGGTTGGTCGGGGCGGGGCGTGGCTCGGCGGGCGGGGCTGACCGCGGGGGCGGGGCCAGGGTCTCACACCATCCAGAGGGTGTTTGGCTGCGACCTGGGGCCCGACGGGCGCCTCCTCCGCGGATATAACCAGCACGCCTACGATGGCAAGGATTACATTGCCCTGAACGAGGACCTGCGCTCCTGGACCGCGGCGGACACGGCGGCTCAGAACACCCAGCGCAAGTGGGAGGCGTGCGGTGAGGCGGAGGAGTGGAGCGTCTACCTGGAGGGCGAGTGCCTGGAGTGGCTCCGCAGACACCTGGAGAACGGGAAGGAGACGCTGCAGCGCGCG,Mamu_MiSeq-IPD_17.06.01_2.2.0.0_plus_SP.fasta
25718,r19013,"13_Mamu_DQB1_18g1|DQB1_18_09,_DQB1_18_11,_DQB1_18_23",r19013_NODE_14_length_1164_cov_24.503375,CATGGGAAGGAAGGTATTTTACCAAGGGACCAAGAGAATATGCGTATCAGAACCAGGACAGGCTTAATTCCCTGTCTCATCATTCCCTTGAACTCACAGGTTTATGTGGATAATTTTATCTCTGAGGTTTTCAGGAGCTCAGTGGAAAATGGGATTTCATGCAAGAGGGCCCTGATCCCTCTAAGTACAGAGGTCCACGTAAAATCAGCCCGACTGCCTCTTCGCTGGGTTCACAGGCTCAGGAAGGGACAGGGCTTTCCACCCTTTCCTGCCTGTAGGAAGGCGGATTCCCGAAACCTCCAGACAGGGCGGGCAGGGCTGGGCAGAGCCGCCGGGAGGTCCCAGGTCTGGAGCGCCAGGCACAGGCCGGCGGGAACTGGAGGTCGCGCCGTCGGTTCCACAGCTCCAGGCCGGGTCAGGGCGGCGGCTGCTGTGGCAGCCGGGCTGGGGCCAGGCTGGGGCCTGACTGACCGGCGGGTGATTCCCCGCAGAGGATTTCGTGTACCAGTTTAAGGGCCTGTGCTACTTCATCAACGGGACGGAGCGCGTGCGGGGTGTGACCAGACACATTTATAACCGAGAGGAGTACGTGCGCTTCGACAGCGACTGGGGGGAGCACCGGGCGGTGACGCCGCTGGGGCGGTCTTGGGCCGAGTACTGGAACAACCAGAAGGACTTCCTGGAGACGACCCGGGCGTCGGTGGACACGGTGTGCAGACACAACTACCAGTTGGAACTCCGCACGACCTTGCAGCGGCGAGGTGAGCGTCGTCGCCCCTCTGCGAGACCCACCCTTGGCAGGGGCCCCGACTCTCTGCGCCGGGAGGGTTGAAGGGGGCTTGGCCTCTGGAACCTGAGCCTTGTTCGTTCCACCCCAGGGAACAGGAGGCGGCAGTGGGGGTGCTGGGGGTTGGTGCATCGGAGGGGCAGGTACTCAGGGCAGAGCAGGGGGACAGGCAGAGTTGGTCAAGCTGCCTAGTTTGGCCCCAGCCTCCACATCCGTGGGCCTCATCCTCTGCTCTGCACGTTCTTGCCTCGTGCCTTATGCCTTTGCCTCTTCGTGCCTTACCTTGGCTAAGCAGTTCTCTTGCCCCGAGTTTCCGCCCTCTTCCCCTGTCCATCCGCCTGCCCCGCTAGCACTGCCCCACCCAGCAAGGCCCACGT,Mamu_MiSeq-IPD_17.06.01_2.2.0.0_plus_SP.fasta
25718,r19013,"01_Mamu_A1_028_AG_02g|A1_028_01,_AG_02_01_01",r19013_NODE_15_length_1150_cov_34.357771,AGGTGTGGCTCTCAGGGTCTCAGGCCCCGAAGGCGGTGTATGGATTGGGGAGTCCCAGCGTTGGGGATTCCCCATCTCCGCAGTTTCTCTTCTTCTGACAACCTGCGTCGTGTCCTTCTTCCGGAATACTCAGGACGCGGACCCCGTTCTCACTCCCATTGGGTGTCGGGTTTCTAGAGACGCCAATCAGCGTCACCGCGGTCCCGGTTCTAAAGTCTCCACTCACCACCAGGACTCAGATTCTCCGCAGACGCCTAGAATGGCGGTCATGGCGCCCCGAACCCTCCTCCTGGTGCTCTCAGGGGTCCTGGCCCTGACCCAGACCCGGGCGGGTGAGTGCGGGGTCGCGAGGGAAACGGCCCCTGCGGGGAGGATGGAGGGGCCCGCCCGGCGGGGGCGCAGGACCCGGGGAGCCGCGCGGGGAGGAGGGTCGGGCGGGTCTCAGCCTCTCCTCGCCCCCAGGCTCGCACTCCATGAGGTATTTCTACACCTCCATGTCCCGGCCCGGCCGCGGGCAGCCCCGCTTCATCGCCGTGGGCTACGTGGACGACACGCAGTTCGTGCGGTTCGACAGCGACGCCGAGAGTCCGAGGATGGAGCCGCGGGCGCCGTGGGTGGAGCAGGAGGGGCCGGAGTATTGGGACCGGGAGACACAGAACATGAAGACCGCGACACAGACCTACCGAGAGAACCTGCGGACCCTGCTCCGCTACTACAACCAGAGCGAGGCCGGTGAGTGACCCCGGCCCGGGGCGCAGGTCACGACCCCTCCACATCCCCCACGGACGGCCCGGGTGGCCCCGAGTCTCTGGGTCCCAGATCCACCCCGAAGCCGCGGGACCCGGGGACCCTTGACCCGGGAGAGCCCCAGGCGCCTTTACCCGTTTTCCTTTTTAGTTTGGGCCAAAATCCCCGAGCGTTGGTCCGGGCGGGGCGAGGCTCGGTGGGCGGGGCTGACCGCGGGGGCGGGGCCAGGGTCTCACACACTCCAGAAGATGTACGGCTGCGACCTGGGGCCAGACGGGCGCCTCCTCCGCGGGTATGAACAGTTCGCCTACGACGGCAGGGATTACATCGCCCTGAACGAGGACCTGCGCTCCTGGACGGCCGCGGACATGGCGGCTCAGAACACCCAGCGCAAGTGGGAGGG,Mamu_MiSeq-IPD_17.06.01_2.2.0.0_plus_SP.fasta
25718,r19013,"16_Mamu_E_02g8|E_02_20,_E_02_30",r19013_NODE_16_length_1150_cov_20.623656,GTGACCTGGTAGTGTCCTTCTTCCTGGATACTCATGACGCACACTCAGTTCTCATTCCCAATGGGTGTCGGGTTTCTAGAGAAGCCAATCAGCGTCGCCACGACTCCTGACTATAAAGTCCCCACGCACCCAACCAGATTCAGGAGGCTCTACCGACTCAGAGGATGGCGTCATGGCACTAGGAAGCCTACTTCTGCTCTCAGCACTTACCAAGACCTGGGCGGGTGAGTGCGGGGTCGGGATGGAAGCGGCCTCTACCCGGAGGAGAGAGGGGCCGGACCGGCGGGGGCGCAGGACTCGGGGAGCCTCCGGGAGTGGGGCCGGACCGGTCTCAGCCCCTCCTCGCCCCCAGGCTCCCACTCCTTGAAGTATTTCCACACCGCCGTGTCCCGGCCCGGCTGCGTGGAGCCCCGCTTCATCTTCGTGGGCTACGTGGACGACACCCAGTTCGTGCGGTTCGACAGCGATGCCGCGAATCCGAGGATGCAGCCGCGGGCGCCATGGATGGAGCAGGAGGGGCCGGAGTATTGGGACCAGGAGACACGCAGAGCCAGGGACACCGCACAGACTTTACGAGTGAAACTGAAGACCCTGCGCGGCTACTACAACCAGAGCGAGGCCGGTGAGTGACCCCGGCCCGGGGCGCAGGTCACGACCCCTCCCCATCCCTCACGGATAACGCGGGTCCCCTCGAGTCTCCGGGTCCGAGATTCACCCCCAGGCTGCGGAACCCGCCCAGACCCTCGACCCGGCAGAGTCCCAGGCTCCTTTACCCCGTTTCATTTTCAGTTTAGGCCACAATCCCTGCGGGTTGGCGGCGACAGGGGCGGGGCTCGGCGGGCGGGACTGACTAGCGGGCGGGGCCAGGGTCTCATACCCTCCAGTGGATGTATGGCTGCGACCTGGGGCCCGACGGGCGCTTCCTCCGCGAGTATGAACAGTTCGCCTACGACGGCAAGGATTATCTCACCCTGAATGAGGACCTGCGCTCCTGGTCCGCGGTGGACACGGCGGCTCAAATCTCCGAGCAAAAGTCAAATGATGGCGGTGAGGCGGAGCACCAGAGAGCCTACCTGGAAGACACATGCGTGGAGTGGCTCCGCAGATACCTGGAGAATGGGAAGGAGACGCTGCAACGCCCGGGTAAGAC,Mamu_MiSeq-IPD_17.06.01_2.2.0.0_plus_SP.fasta
25718,r19013,"16_Mamu_E_02g4|E_02_13,_E_02_21,_E_02_29",r19013_NODE_17_length_1149_cov_26.592955,GGGAGGCGCAGCGTTGGAGATTCCACATCACTTTCATTTCCTCTCGTAACCTGGTCGTGTCCTTCTTCCTGGATACTCATGACGCAGACTCAGTTCTCATTCCCAATGGGTGTCGGGTTTCTGGAGAAGCCAATCAGCGTCGCCACGACTCCCGACTATAAAGTCCGCACGCACCCACCCGGATTCAGGAGGCTCTACCAACTCAGAGGATGGCGTCATGGCACTACGAACCCTACTTCTCCTGCTCTCGGCCCTTACCAAGACCTCGGCGGGTGAGTGCGGGGTCGGGATGGAAGCGGCCTCTACCCAGAGGAGAGAGGGGCCGGACCGGCGGGGGCGCAGGACTCGGGGAGCCGCGCCGGGAGTAGGGCCGGACCGGTCTCAGCCCCTCCTCGCCCCCAGGCTCCCACTCCTTGAAGTATTTCCACACTTCCGTGTCCCGGCCCGGCCACGCGGAGCCCCACTTCATCTCCGTGGGCTACGTGGACGACACCCAGTTCGTGCGGTACGACAGCGATGCCGCGAGTCCGAGGATGGAGCCGCGGGCGCCGTGGGTGGAGCAGGAGGGGCCGGAGTATTGGGACCAGGAGACACGGAGCGCCAGGGACACCGCACAGACTTTCCGAGTGAACCTGAAGACCCTGCGCGGCTACTACAACCAGAGCGTGGCCGGTGAGTGACCCTGGCCCGGGGCGCAGGTCACGACCCCTCCCCATCCCTCACGGACATCGTGGGTTCCCTCGAGTCTCAGGGTCCAAGATTCACCCCCAGGCTGTGGAACCCGCCCAGACCCTCGACCCGGCAGAGTCCCAGGCTCCTTTACCCGGTTTCGTTTTCAGTTTAGGCCACAATCCCTGCGGGTTGGCGGCGACAGGGGCGGGGCTCGGTGGGCGGGACTGACTAGCGGGCGGGGCCAGGGTCTCATACCCTCCAGTGGATGCATGGCTGCGACCTGGGGCCCGACGGGCGCTTCCTCCGCGGATATGAACAGTTCGCCTACGACGGCAAGGATTATCTCACCCTGAATGAGGACCTGCGCTCCTGGTCCGCGGTGGACACGGCGGCTCAGATCTCTGAGCAAAAGTCAAATAATGGCTCTGAGGCGGAGTACCAGAGAGCCTACCTGGAAGACACATGCGTGGAGTGGCT,Mamu_MiSeq-IPD_17.06.01_2.2.0.0_plus_SP.fasta
25718,r19013,04_Mamu_B_053_02,r19013_NODE_18_length_1112_cov_19.904569,CAACCTGTGTCGGGTCCTTCCTCCAGGATACTCGTGATGCGTCCCAGTTCCCACTCTCATTGGGTGTCGGATGTCTAGAGAAGCCAAGCAGCGTCGCCGCGGTCTCAGTTCTAAAGTCCCCACGCGGACTCAGTCCCCACCCGGACTCAGTCTCCTCAGACGCCGAGATGCGGTCATGGCGGCCCGAACCCTCCTCCTGCTGCTCTCGGGGGCCCTGGCGCTGACCGAGACCTGGGCCGGTGAGTGCGGGGTCGGGAGGGAAATGGCCTCTGCGGGGAGGAGCGAGGGGACCGCAGGCGGGGGCGCAGGACCTGGGGAGCCGCGCGGGGAGGAGGGTCGGGCGGGTCTCAGCCTCTCCTCGCCCCCAGGCTCGCACTCCTTGAGGTATTTCGGCACCGGCGTGTCCCGGCCCGGCCGCGGGGAGCCCCGCTTCATCGCCGTGGGCTACGTGGACGACACGCAGTTCGCGCGGTTCGACAGCGACGCCGCGAGTCCGAGGATGGAGCCGCGGGCGCCGTGGATGGAGCAGGAGGGGCCGGAGTATTGGGAAGAGCAGACAGGGCTCGCCAAGGCCCGCGCACAGACTGACCGAGTGGGCCTGGGGACCCTGCGCGGCTACTACAACCAGAGCGAGGGGGGTGAGTGGCCCCGGCCCGGGGCGCAGGTCACGACCCCTCCCCATCCCCCACGGACGGCCAGGGTCGCCCCGAGTCTCCTGGTCCGAGATCCGCCCCGAGGCCACAGGACCCGCCCAGATCCTCGACCGGGGAGAGCCCCAGGCGCCTTTACCCGGCTTCATTTTCAGTTGCGGCCAAAATCCCCGGGGGTTGGTCAGGGCGAGGCGGGGCTCGGGAGACTGTACTGACCGCGGGGGCGGGGCCAGGGTCTCACACCTACCAGTGGATGCTTGGCTGCGACCTGGGGCCCGACGGGCGCCTCCTCCGCGGGTATCACCAGTCCGCCTACGACGGTAAGGATTACATCGCCCTGAACGGGGACCTGCGCTCATGGACCGCCGCGGACATGGCGGCTCAGAACACCCAGAGCAAGTGGGAGGCGGACCGTTATGCGGAGCGGTTCAGAGCCTACCTGGAGGGCGAATGCCCGGAGTG,Mamu_MiSeq-IPD_17.06.01_2.2.0.0_plus_SP.fasta
25718,r19013,18_Mamu_AG_05_SP_exp13258_ctg3_72883_157bp,r19013_NODE_19_length_1093_cov_26.766046,CATCTCCGCAGTTTCTCTTCTTCTGACAACCTGCGTCGTGTCCTTCTTCCGGAATACTCACGACGCGGACCCCGTTCTCACTCCCATTGGGTGTCGGGTTTCTAGAGACGCCAATCAGCGTCGACACAGTCCCGGTTCTAAAGCCCCCACTCACCCACCAGGACTCAGATTCTCCGCAGACGCCTAGGATGGCGGTCATGGCGCCCCGAACCCTCCTCCTGGTGCTCTCAGGGGTACTGGCCCTGACCCAGACCCGGGCGGGTGAGTGCGGGGTCGGGAGGGAAACGCCCTCTGCGGGGAGGAGGGGAGGGCCCGCCCGGCCGGGGCGCAGGACCCGGGGAGCCGCGCGGGGAGGAGGGTCGGGCGGGTCTCAGCCTCTCCTCGCCCCCAGGCTCCCACTCCATGAGGTATTTCTACACCGCCGTGTCCCGGCCCGGCCGTCGGGAGCCCCTCTTCATCGCCGTGGGCTACGTGGACGACACGCAGTTCGTGCGGTTCGACAGCGACGCCGAGAGTCCGAGGATGGAGCCGCGGGCGCCGTGGGTGGAGCAGGAGGGTCCAGAGTATTGGGACCGGGAGACACAGAACATGAAGACCGCGACACAGACCTACCGAGGGAACCTGCGGACCGCGCTCCGCTACTACAACCAGAGCGAGGGAGGTGAGTGACCCCGGCCCGGGGCGCAGGTCACGACCCCTCCACATCCCCCACGGACGGCCCTGGTGGCCCCGAGTCTCTGGGTCCCAGATCCATCCCGAAGCCGCGGGACCCGGGGACCCTTGACCCGGGAGAGCCCCAGGCGCCTTTACCCGATTTCCTTTTTAGTTTGGGCCAAAATCCCCGCGGGTTGGTCGGGGCGGGGCGGGGCTCCGGGGACGGGCTGACCGCGGGGGCGGGGCCAGGGTCTCACACCATCCAGAAGATGTACGGCTGCGACCTGGGGCCCGACGGGCGCCTCCTCCGCGGGTATGAACAGTTCGCCTACGACGGCAGGGATTACATCGCCCTGAACGAGGACCTGCGCTCCTGGACTGCGGCGGACATGGCGGCTCAGTTCACCCAGCGGAAGTGGGAGGCGGCCCGTGCGGCGGA,Mamu_MiSeq-IPD_17.06.01_2.2.0.0_plus_SP.fasta
25718,r19013,20_Mamu_DRB6_01_01N,r19013_NODE_20_length_1071_cov_13.411017,AGGAGGAGGCAGCGCGGGCTGAGGTGCTGGGCGGATCCTCTTCCAGCTCCTGCTTAGAGGTCTCCAGAACAGGCTGGAGGCAGGGAGGGAGATCAAAAGCCTTGGAATCAGTGGTAGTTTTCCCGCCTGGCCCCCCGGACCCCTGTACGCCTCAGGAAGACGGAGGATGAGCCCCTGGGCTGTACGTGGTCAGGGTTGCAGGTGGGGCAGATCAAGGTTCCCAGCGCCCTGCTCAGGGAGCCCTGGATGGGGCGTCGGTGTCAGTGTCTTCCTCAGAGGCCATCCCTGTGACTGGATCGTTCGTGTCCCCACAGCACGTTTCTTGGAGCAGGCTAAGTCTGAGTGTCATATCTTCAATGGGACTGAGCGGGTGCGGTACCTGAACAGAAACATCCATAAATGGGAGGAGAACCTGCGCTTCCACAGCGACGTGCGAGAGTTCCAGGCGGTGACGGAACTGGAGCGGCCTGTCGCGGAGAACTGGAACAGCCAGAAGGGCATCCTGGAGGAGAAGCCGGACTAGGTGGACATCTACTGCAGATACAATTAGGGGGTTCTTGAGAGCTTCACAGAGCAGCGATGAGGTGAGAGCGGCAGGGGGCGGGGCCTGAGTCCCTGTGAGCTGGGAGTCTGCGAGAGAGAGAGAGAGAGAGAGAGAGAGAGAGAGAGAGAGAGAGAGAGAGAGAGAGCGCTATCTGTGAGCATTTAGAATCCTCTCAATCCCGAGCAAGCAGTTCTGAGAGCACAGCTGTGTGTAGAGTGTGGATTTGTCTGTGTGTCTGTTGTGGGAGGGGAGGCAGGAGGGGGCTGCTTCTTATCCTTGGAGGCCTCTGTGGGGAGGTGACATGGGAGGTGGGAGCAGGTGGCTGGACAGAGAGGAGACCTTGATTGTCCTGGATCCTTAGAGATGCAGGGAAGGGAAGTGTAAAGTGTATGTGGTTGGGGTGAAGGTTTAGGGGAGGAGAACTGAGGGGTATGAAAGGTTCCGGATAACATGAGGGGCCAGTTCCAGACTGTCCCTGGCACACACCCTTCATGTAATCTCTGAAATAAAAGTGCATGATGTTTGTT,Mamu_MiSeq-IPD_17.06.01_2.2.0.0_plus_SP.fasta
25718,r19013,03_Mamu_B_064_01,r19013_NODE_21_length_1067_cov_21.436170,CAGGATACTCGTGACGCGTCCCCAGTTCCCACTCTCATTGGGTGTCGGATGTCTAGAGAAGCCAATCAGCGTCGCCGCGGTCTCAGTTCCAAAGTCCCCACCCGCCCATACGGACTAAGTCTCGTCAGACGCCGAGATGCGGTCATGGCGCCCCGAACCCTCCTCCTGCTGCTCTCGGGGGCCCTGGCCCTGACCGAGACCTGGGCCGGTGAGTGCGGGGTCGGGAGGGAAATGGCCTCTGCGGGGAGCAGCTAGGGGACCGCAGGCGGGGGCGCAGGACCCGGGGAGCCGCGCGAGGAGGAGGGTCGGGCGGGTCTCAGCCTCTCCTCGCCCCCAGGCTCGCACTCCTTGAGGTATTTCGGCACCGCCGTGTCCCGGCCCGGCCGCGGGGAGCCCCGCTTCACCTACGTGGGCTACGTGGACGACACGCAGTTCGTGCGGTTCGACAGCGACGCCGCGAGTCCGAGGGTGGAGCCGCGGGCGCCGTGGATGGAGCAGGAGGGGCCGGAGTATTGGGAAGAGCAGACACGGATCGCCAAGGCCCGCGCACAGACTGACCGAGCGGACCTGGGGACCCTGCTCCGCTACTACAACCAGAGCGAGGCCGGTGAGTGGCCCCGGCCCGGGGCGCAGGTCACGACCCCTCCCCATCCCCCACGGACGGCCCGGGTCGCCCCTAGTCTCCGGGTCCGAGATCCGCCCCGAGGCCACAGGACCCGCGCAGACCCTCGACCGGGGAGAGCCCCAGGCGCCTTTACCCGGCTTCATTTTCAGTTGGGGCCAAAATCCCTGGGGGTTGGTCAGGGCGGGGCGGGGCTCGGGGGACTGTACTGACCGCGGGGGCGGGGCCAGGGTCTCACACCATCCAGTGGATGTTTGGCTGCGACCTGGGGCCCGACGGGCGCCTCCTCCGCGGGTATCACCAGTCCGCCTACGACGGCAAGGATTACATCGCCCTGAACCGGGACCTGAGCTCCTGGACTGCCGCGGACTTGGTGGCTCAGAACACCCAGCGCAAGTGGGAGGCGGACCGTTATGCGGAGCGGCAGAGAGCCTACCTGGAGGGC,Mamu_MiSeq-IPD_17.06.01_2.2.0.0_plus_SP.fasta
25718,r19013,"03_Mamu_B_041g|B_041_01,_B_041_02",r19013_NODE_22_length_1064_cov_12.219851,CACTTCTTCTCCCAACCTGTGTCGGGTCCTTCCTCCAGGATACTCGTGACGCGTCCCCAGTTCCCACTCTCATTGGGTGTCGGATGTCTAGAGAAGCCAATCAGCGTCGCCGCGGTCTCAGTTCTAAAGTCCCCACCCGCCCATCCGGGTTCTGAGTCTCCTCAGACGCCAAGATGCGGGTCATGGCGCCCCGAACCCTCCTCCTGCTGCTCTCGGGGGCCCTGGCCCTGACCGAGACCCGGGCCGGTGAGTGCGGGGTCGGGAGGGAAATGGCCTCTGCGGGGAGGAGCGAGGGGACCGCAGGCGGGGGCGCAGGACCCGGGGAGCCGCGCGGGGAGGAGGGTCGGGCGGGTCTCAGCCTCTCCTCGCCCCCAGGCTCGCACTCCATGAGGTATTTCAGCACCTCCGTGTCCCGGCCCGGCCGCCGGGAGCCCTGGCATCTCGAAGTCGGCTACGTGGACGACACGCAGTTCGTGCGGTTCGACAGCGACGCCGAGAGTCCGAGGATGGAGCCGCGGGCGCCGTGGGCGGAGCAGGAGGGGCCGGAGTATTGGGAAGAGCAGACACGGATCGCCAAGGGCCACGCACAGACTGAGCGAGGGAACCTGCGGACCGCGCTCCGCTACTACAACCAGAGCGAGGGGGGTGAGTGGCCCCAGCCCGGGGCGCAGGTCACGACCCCTCCCCATCCCCCACGGACGGCCCGGGTGCCCCAGAGTCTCCGGGTCCGAGATCCGCCCCGAGGCCGCGGGACCCGCCCAGACCCTCGACCGGGGAGAGCCCCAGGCGCCTTTACCCGGTTTCATTTTCACTTGAGGCCAAAATCCTCGCGGGTTGGTCAGGGCGGGGCGGGGCTCGGTGGGCGGGGCTGACCGCGGGGGCGGGGCCAGGGTCTCACACCATCCAGTGGATGTATGGCTGCGACCTGGGACCCGACGGGCGCCTCCTCCGCGGGTATCACCAGTTAGCCTACGACGGCAAGGATTACATCGCCTTGAACGAGGACCTGCGCTCCTGGACCGCCGCGGACATGACGGCTCGGTTCACCCAGCGCAAGTGGGAGG,Mamu_MiSeq-IPD_17.06.01_2.2.0.0_plus_SP.fasta
25718,r19013,"15_Mamu_DPB1_15g|DPB1_15_01,_DPB1_15_02",r19013_NODE_23_length_1051_cov_34.398268,GCTCCTCCCGCCCCTGGTTTTTCTCCCAGCGACCCCAAGTGAAACATCTCCCCCTCCTCCTCCAGCCGCCAGCAGAAGGTACTGCGTTCCCCTCAGTGTTCGCCCCTCCCTAGTGATCACTCGGTCCCCCTGAGCAGTGAGTCTCATTCTTTTCAGTAAATTCTCTCTCTGACGTGGTGAGAAAACAGGCTTGGAGAGGCTCTGCGACCTGCTTAGGACCACAGAACTCGGTACTAGGAAAACTACTATTGTAAAATCCAGCCCTGAGTGGGAAGATTTGGGAAGCATCGTTAATATTGAGAGAGAGGGGGAGAAAGAGGATTAGGTGAGAGTGGCGCCCGCGCTCATATCTGCCCCTTCCCCACAGAGAATTACCTGTTCCAGGCACGGCAGGAATGCTATGCATTTAACGGGACACAGCGCTACCTGGAAAGATACATCTACAACCGGGAGGAGTTGTTGCGCTTTGACAGTGACGTGGGGGAGTTCCGGGCGGTGACAGAGCTGGGGCGACCTGAGGCCGAGTCCTGGAACAGCCAGAAGGACACACTGGAGAAGAAGCGGGCAGGGGTGGACACGATGTGCAGACACAACTACGAGCTGGACGAGGCCGTGACCCTGCAGCGCCGAGGTGAGTGAGGGCTTTGGGCCGGGAGTCCCAGGGCAGCCGCGGGGGCCCGTGCTCAGGGCGCAGAAGCAGCCGGCCCGGCCTAAGGGACCTTAGTGCCAGGCGGAAAGGGGACTTTGGGCTGGGGATTCATGGGGGAGCCCATCTGGATCTTGTCAGGCGAGCGAGCGTGGGGACCTGGACTGGGCTGAGCGTGGAGTGAGGAGGATGGGAGCAGAGAGACCCCCGGGACTTCATCAGGTTTGGCAGCTGACTGCATGTAGGGTGAGGGGAAAGGAGGCCACAGGAGAGCTTGCAGGGGTGTGGTGTGGAGATGGAGGTGGAGATGACACAGCAGGCCAGGCAGAGAAGAAATCTGCAGGGAGACCCCTGGGTTTGAGATGCTTGAGTGGCCAGATGGATGGTCTGAGGGGTAGGTAAACA,Mamu_MiSeq-IPD_17.06.01_2.2.0.0_plus_SP.fasta
25718,r19013,"04_Mamu_B_098g1|B_098_01_01,_B_098_01_02,_B_098_01_03,_B_098_04,_B_098_09,_B_098_10,_B_098_11",r19013_NODE_24_length_1031_cov_24.140487,CTTCTTCCAGGATACTCGTGGCGCTCCCAGTTCCCACTCTCATTGGGTGTCGGATGTCTAGAGAAGCCAATCAGCGTCGCCGCGGTCTCAGTTCTACAGTCCCCACGCGCCCATCCGGGCTCAGAGTCTCCTCAGACGCCGAGATGCGGGTCATGGAGCACCGAACCCTCCTCCTGCTGCTCTCGGCGGCCCTGGCCCTGACCCAGACCTGGGCCGGTGAGTGCGGGGTCGGGAGGGAAATGGCCTCTGCGGGGAGGAGCGAGGGGACCGCAGGCGGGGGCGCAGGGCCCGGGGAGCCGCGCGGGGAGGAGGGTCGGGCGGGTCTCAGTCTCTCCTCGCCCCCAGGCTCGCACTCCATGAGGTATTTCAGCACCTCCGTGTCCCGGCCCGGCCGCGGGGAGCCGCGCTTCATCGCCGTGGGCTACGTGGACGACACGCAGTTCGTGCGGTTCGACAGCGACGCCGCGAGTCCGAAGATGGAGCCGCGGGCGTCGTGGATGGAGCAGGAGGGGCCGGAGTATTGGGAAGAGCAGACACGGAGAGTCAAGGACGCCGCACAGACTTTCCGAGTGAGCCTGGGGAACCTGCGCGGCTACTACAACCAGAGCGAGGCCGGTGAGTGGCCCCGGCCCGGGGCGCAGGTCACGACCCCTCCCCACCCCCCACGGACGGCCCGGGTCTCCCCGAGTCTCCGGGTCCGAGATCCGCCCCGAGGCTGCGAGACCCGCCCAGACCCTCGACCGGGGAGAGCCCCAGGCACCTTTGCCCGGTTTCATTTTCAGTTGAGACCAAAATGCCCGCGGGGTGGTCGGGGCGGGGCGGGGCTCGGGGGACGGGTCTGACCGCGGGGGCGGGGCCAGGGTCTCACACCCTCCAGACAATGTCTGGCTGCGACCTGGGGCCCGACGGGCGCCTCCTCCGCGGGTATTACCAGCAAGCCTACGACGGCAGGGATTACATCGCCCTGAACGAGGACCTGCGCTCCTGGACCGCTGCGGATGAGGCGGCTCAGAACACCCAGCGCAAGTGGG,Mamu_MiSeq-IPD_17.06.01_2.2.0.0_plus_SP.fasta
25718,r19013,"03_Mamu_B_030g1|B_030_01,_B_030_03_01,_B_030_03_02,_B_030_03_03,_B_030_04,_B_030_06",r19013_NODE_25_length_1030_cov_14.722038,CTCCCAACCTGTGTCGGGTCCTTCTTCCAGGATACTCGTGACGCGTCCCCAGTTCCCACTCTCATTGGGTGTCGGATGTCTAGAGAAGCCAATCAGCGTCGCCGCGGTCTCAGTTCTAAAGTTCCCACGCGCCCACGCGGACTCAAGAGTCTCCTGAGACGCCGAGATGCGGGTCATGGCGCCCCGAACCCTCCTCCTGCTGCTCTCGGGGGCCCTGGCCCTGACCGAGACCTGGGCCGGTGAGTGCGGGGTCGGGAGGGAAATGGCCTCTGCAGGGAGGAGCGAGGGGACCGCAGGCGGGGGCGCAGGACCCGGGGAGCCGCGCGAGGAGGAGGGTCGGGCGGGTCTCAGCCTCTCCTCGCCCCCAGGCTCGCACTCCTTGAGGTATTTCAGCACCACCGTGTCCTGGCCCGGCCGCGGGGAGCCCCGCTTCATCTCCGTGGGCTACGTGGACGACACGCAGTTCGTGCGGTTCGACAGCGACGCTGAGAGTCCGAGAGAGGAGCCGCGGGCGCCGTGGGCGGAGCAGGAGGGGCCGGAGTATTGGGAAGAGCAGACACGGAACACGGAGGCCCACGCACAGAATCACCGAGTGTGCCTGCGGACCGTGCCCGGCTACTACAACCAGAGCGAGGCCGGTGAGTGACCCCGGCCCGGGGCGCAGGTCACGACCCCTCCCCACCCCCCACGGACGGCCCGGTGGCCCCGAGTCTCCTGATCCGAGATCCGCCCCGAGGCCGCGGGACCCGCCCAGACCCTCGACCGGGGAGAGCCCCAGGCGCCTTTACCCGGTTTCATTTCCGTTTAGGCCAAAATCCCCGGGGATTGGTCGGGCCGGGGCGGGGCTCGGCGGGCGGGGCTGACCGCGGGGGCGGGGCCAGGGTCTCACACCCTCCAGAGGATGTTTGGCTGCGACCTGGGGCCCGACGGGCGCCTCCTCCGCGGGTATAACCAGTATGCCTACGACGGCAAGGATTACATCGCCCTGAACGAGGACCTGCGCTCCTGGACCTCGGCGGACGTGGCGGCT,Mamu_MiSeq-IPD_17.06.01_2.2.0.0_plus_SP.fasta
25718,r19013,"06_Mamu_I_01g1|I_01_01_01,_I_01_01_02,_I_01_01_03,_I_01_01_04,_I_01_02_02,_I_01_04,_I_01_05,_I_01_06_01,_I_01_06_02,_I_01_06_03,_I_01_06_04,_I_01_06_05,_I_01_06_06,_I_01_06_07,_I_01_06_09,_I_01_06_10,_I_01_06_12,_I_01_06_13,_I_01_06_16,_I_01_06_17,_I_01_06_18,_I_01_06_19,_I_01_06_20,_I_01_08,_I_01_09,_I_01_09_01,_I_01_09_02,_I_01_09_03,_I_01_09_04,_I_01_09_06,_I_01_09_07,_I_01_09_08,_I_01_16,_I_01_18,_I_01_20_03,_I_01_21,_I_01_24,_I_01_25,_I_01_26_01,_I_01_26_02,_I_01_27,_I_01_28,_I_01_30,_I_01_31,_I_01_33_01,_I_01_33_02,_I_01_35,_I_01_36,_I_01_38_01,_I_01_38_02,_I_01_40,_I_01_41,_I_01_43,_I_01_44,_I_01_45,_I_01_46",r19013_NODE_26_length_1026_cov_15.353726,CAGAGTTGGGGATTCCCCACTCCCCTAGTTTCACTTCTTCTCCCAACAGTGTCGGGTCCTTCTTCCAGGATACTCGTCACGCGTCCCCAGGTCCCACTCTCAATGGGTGTCGGATGTCTAGAGAAGCCAATCAGCGTCGCCGCGGTCTCAGTTCTAAAGTCCCCACCCGCCCATCCGGACTCAGAGTCTCCTCAGACGCCGAGATGCGGGTTATGGCGCCCGGAACCCTCCTCCTGCTGCTCTCGGGGGCCCTGGCCCTGACCGAGACCTGGGCCGGTGAGTGCTGGGCCGGGAGGGAAAACGACTCGGCGGGAGGGGCGAGGGGACCGCAGGCGGGGGCGCAGGACCCGGGGAGCCGGGCGGGGAGGAGGGTCGGGAGAGTCTCAGCCTCTCCTCGCCCCCAGGCTCGCACTCCTTGAGGTATTTCGGCACCACAGTGTCCCGGCCCGGCCGCGGGGAGCCCCGCTTCATCGCCGTGGGCTACGTGGACGACACGCAGTTCGTGCGGTTCGACAGCGACGCCGAGAGTCCGAGGATGGAGCCGCGGGCGCCGTGGATGGAGCAGGAGGGGCCGGAGTATTGGGAAGAGGAGACACGGATCGCCAAGGCCCGCGCACAGACTGAGCGAGGGAACCTGCGGACCGCGCTCCGCTACTACAACCAGAGCGAGGGGGGTGAGTGACCCCGGCCCGGGGCGCAGGTCACGACCCCTCCCCACCCCCGACAGACGGCCCGGGTCTCCCCGAGTCTCAGGGTCCGAGATCCGCCCCGAGGCCGCGGGAACCGCCCAGACCCTCGACCGGAGAGAGCCCCAGGCTCCTTTATCCGGTTTCATTTTCAGTTGCCGCCAAAGTCCCCGCGGGGTGGTCGGGGCGGGGCTGGGCTCGGTGGGCGGGGCTGACCGCGGGGGCGGGGCCAGGGTCTCACACCCTCCAGAAGATGTGTGGCTGCGACCTGGGGCCGGACGGGCGCCTCCTCCGCGGGTATTACCAGTCCGCCTACGACGGCAGGGATTACATCGCCCTG,Mamu_MiSeq-IPD_17.06.01_2.2.0.0_plus_SP.fasta
25718,r19013,"03_Mamu_B_074g1|B_074_01,_B_074_02,_B_074_03,_B_074_03Sp",r19013_NODE_27_length_1022_cov_16.175419,ATTCCCCACTCCCCTAGTTTCACTTCTTCTCCCAACCTGTGTCGGGTCCTTCCTCCAGGATACTCGTGACGCGTCCCCAGTTCCCACTCTCATTGGGTGTCGGATGTCTAGAGAAGCCAATCAGCGTTGCCGCGGTCTCAGTTCTAAAGTCCCCACCCGCCCATCCGGACTCAGTCTCCTCAGACGCCGAGATGCGGTCATGGCGCCCCGAACCCTCCTCCTGCTGCTCTCGGCGGCCCTGGCCCTGACCGAGACCCGGGCCGGTGAGTGCGGGGTCGGGAGGGAAACGGCCTCTGCGGGGAGGAGCGAGGGGACCGCAGGCGGGGGCGCAGGACCCGGGGAGCGGCGCAGGGAGGAGGGTCGGGCGGGTCTCAGCCTCTCCTCGCCCCCAGGCTCGCACTCCTTGAGGTATTTCGGCACCGCCGTGTCCCGGCCCGGCCACGGGGAGCCCCGCTTCATCTACGTGGGCTACGTGGACGACACGCAGTTCGCGCGGTTCGACAGCGACGCCGCGAGTCCGAGGGCGGAGCCGCGGGCGCCGTGGGTGGAGCAGGAGGGGCCGGAGTATTGGGAAGAGCAGACAGGGCTCGCCAAGGCCCGCGCACAGACTGACCGAGTGGACCTGGGGACCCTGCTCCGCTACTACAACCAGAGCGAGGGGGGTGAGTGACCCCGGCCCGGGGCGCAGGTCACGACCCCTCCCCATCCCCCACGGACGGCCCGGGTCTCCCCGAGTCTCCGGGTCCGAGATCCGCCCCGAGGCCGCGGGACCCGCCCAGACCCTCGACCGGGGAGAGCCCCAGGCGCCTTTACCCGGTTACATTTTCAGTTGAGGCCAAAATCCCCGCCGGTTGGTCGGGGCGGGACGGGGCTCGGTGGGCGGGGCTGACCGCGGGGCGGGGCCAGGGTCTCACACCATCCAGTGGATGTCTGGCTGCGACCTGGGACCCGACGGGCGCTTCCTCCGCGGGTACCGGCAGGACGCCTACGACGGCAAGGATTACATCGCCCTGAACGAGGAC,Mamu_MiSeq-IPD_17.06.01_2.2.0.0_plus_SP.fasta
25718,r19013,03_Mamu_B_012_01,r19013_NODE_28_length_1020_cov_14.776036,CTCTCATTGGATGTCGGATGTCTAGAGAAGCCAATCAGCGTCGCCACGGTCTCAGTTCTACAGTCCGCACGCGCCCATCCGGACTCAGAGCCTCCCCAGACGCCGAAATGCGGGTCATGGCGCCCCGAACCCTCCTCCTGCTGCTCTCGGGGACCCTGTCCCTGACCGAGACCTGGGCCGGTGAGTGCGGGGTCGGGAGGGAAACAGCCTCTGCGGGGAGGAGCGAGGGGACGGCAGGCGCGGGCGCAGGACCCGGGGAGCCGCGCGGGGAGGAGGGTCGGGCGGGTCTCAGCCTCTCCTCGCCCCCAGGCTCGCACTCCATGAGGTATTTCAGCACCGCAGTGTCCCGGCCCGGCCGCCGGGAACCCTGGTATCTCGAAGTCGGCTACGTGGACGACACGCAGTTCGTGCGGTTCGACAGCGACGCCGAGAGTCCGAGGATGGAGCCGCGGGCGCCGTGGGTGGAGCAGGAGGGGCCGGAGTATTGGGAAGAGCAGACACGGAACGCCAAGGCCAACGCACAGACTGACCGAGTGAGCCTGGGGAACCTGCGCCGCTACTACAACCAGAGCGAGGGGGGTGAGTGGCCCCGGCCCGGGGCGCAGGTCACGACCCCTCCCCATCCCCCACGGACGGCCCGGGTCTCCCCGAGTCTCCGGGTCCGAGATCCACCCCGAGGCCGCGGGACCCGCCCAGATCCTCCACCAGAGAGAGCCCCAGGCGCCTTTACCCGGTTTCATTTTCAGTTGAGGCCAAAATCCCCGCGGGTTGGTCGGGGCGGGGCGGGGCTCGGGGGACTGTACTGACCGCTGGGGCGGGGCCAGGGTCTCACACTGTCCAGATAATGTACGGCTGCGACCTGGGACCCGACGGGCGCCTCCTCCGCGGGTATCACCAGTTCGCCTACGACGGCAAGGATTACATCGCCCTGAACGAGGACCTGCGCTCCTGGACCGCCGCGGACATGGCGGCTCAGAACACCCAGCGCAAGTGGGAGGCGGCCCGCGAGGCAGAGCAGCA,Mamu_MiSeq-IPD_17.06.01_2.2.0.0_plus_SP.fasta
25718,r19013,13_Mamu_DQB1_06_01,r19013_NODE_29_length_993_cov_39.809469,AACTTTATCTCTGAGGTATCCAGGAGCTCCATGAAAAATGGGATTTCATGCGAGAACGCCCTGATCCCTCTAAGTGCGAAGGTCCATGTAAAATCAGCCCGACTGCCTCTTCGCTGGGTTCACAGACTCAGGATGGGGACAGGGTTTTCCTTCCTTTCCTGGATGTAGGAAGGCAGATTCCCGAAGCCCCCAGAGAAGGCGGGCAGAGCTGGGCAGAGCTGGGCAGAGCTGCCGGGAGGATCCCAGGTCTGGAGAGCCAGGCACTGGTGAGCGGGAACTGGAGGTCGCGCAGACTGTTCCACAGCTCCAGGCGGGCCAGGGCGGCGGCTCGGGGGCGACCGCGCTGGGGCCGGGCTGGGGCTGGGCTGGGGCCTGACTGACCGGCAGGTAATCCCCCGCAGAGGATTTCGTGTACCAGTTTAAGGCCATGTGCTACTTCACCAACTGGACGGAGCGCGTGCGTTATGTGACCAGATACATCTATAACCGAGAGGAGTTCGTGCGATTCGACAGCGCCGTGGGGGAGTACCGGGCGGTGACGCCGCAAGGGCGGCTTGACGCCGAGTACTGGAACAGCCAGAAGGACGTGCTGGAGAGCACCCGGGCGGAATTGGACACGGTGTGCAAACACAACTACGAGGTGGCGTTCCGCGGGATCTTGCAGAGGAGAGGTGAGCATCGTCGCCCTCAGTCGGGCCCGGAGTCTCTGTGCCGGGAGGGGCGATGGGGGCGCGGTCTCTGAAATCTGAGATCCGTTCATTCCACCCCAGGGGACAGGAGGCGGCGGCTGGGCCGGGCGGGGGGTAGGTGCATCGGAGGGGCAGGACCTAGGGCAGAGCAGGGGGCAAGCAGAGTTGGCCAGGCTGCCTAGAGTCCCCCCAGCCTCCTCGTCCGTCAGCCTAGTCCTCTGCTCCGCACGTTTCTCGCCTCGTGCCTTATGCGTTTGCCTCCTCGTGCCTTGCCTTTGCTAAGCAGTTCTCTCTGCCCCGAATG,Mamu_MiSeq-IPD_17.06.01_2.2.0.0_plus_SP.fasta
25718,r19013,"04_Mamu_B11L_01g3|B11L_01_06,_B11L_01_07,_B11L_01_11",r19013_NODE_30_length_923_cov_26.087940,TTCTAGAGAAGCCAATCAGGGTCTCTGCGGTCCGGCTTCTAAAGTCCCCACTCAGACTCACACTCTCCCCGGACGCCTAGGATGGGGTCATGGCGCCTCGAGCCCTCCTCCTGCTGCTCTCGGGGGCCCTGGCCCTGACCGAGACCTGGGCCGGTGAGTCCGGGGTCGGGAGGGAAACGGCCTCGGCGGGGAGGAGCGAGGGGTCCGCCCGACGGGGGCGCAGGGCCCGCGGAGCCGCGCGGGGAGGAGGGTCGGGCGGGTCTCAGCCCCTCCTCGCCCCCAGGCTCCCACTCCATGAGGTATTTCCACACCGCCGTGTCTCGGCCCGGCCGCGGGGAGCCCCGCTTCATCTCCGTGGGTTACGTGGATGACACGCAGTTCGTGCGGTTCGACAGCAACGCCGCGAGTCCGAGGATGGAGCCGCGGGCGCCGTGGATAGAGCAGGAGGGGCCGGAGTATTGGGACCGGGAGACACAGAAAGCCAAGGCCCACGCACAGGTTTTCCGAGTGAACCTGCGCACCGCGCTTCGCTACTACAACCAGAGCGAGGCCGGTGAGTGACCCCGGCCCGGGGCGCAGGTCACGACCCCTCCCCATGCCCCACGGATGGCCCGGGTCCGAGATCCACCCCGAGGCTGCAGGACCCGCCCAAGACCCTCGACCTGGGAGTGCCGCGGGCGCCTTTGCCCAGTTTCAGTTTCGGTTTAGGCCGAAGTCCCCGCGCGTTGGTCGGGGCGGGGCGGTGCTCTGTGGGCGGGGCTGACCGCGGGGCCGGGGCCAGGGTCTCACACTGTCCAGAGGATGCATGGCTGCGACCTGGGGCCTGACGGGCGCCTCCTCCGCGGGTATCACCAGTTAGCCTATGATGGCAAGGATTACATCGCCCTGAACGGGGACCTGAGCTCCTGGAGCGCCGCGGATAT,Mamu_MiSeq-IPD_17.06.01_2.2.0.0_plus_SP.fasta
25718,r19013,"04_Mamu_B11L_01g4|B11L_01_nov_02,_B11L_01_w_02",r19013_NODE_31_length_909_cov_27.294118,TTCTAGAGAAGCCAATCAGGGTCTCTGCGGTCCGGCTTCTAAAGTCCCCACTCAGACTCACACTCTCCCCGGACGCCTAGGATGGGGTCATGGCGCCTCGAGCCCTCCTCCTGCTGCTCTCGGGGGCTCTGGCCCTGACCGAGACCTGGGCCGGTGAGTCCGGGGTCGGGAGGGAGACGGCCTCGGCGGGGAGGAGCGAGGCGTCCGCCCGACGGGGGCGCAGGGCCCGGGGAGCCGCGCGGGGAGGAGGGTCGGGCGGGTCTCAGCCCCTCCTCGCCCCCAGGCTCCCACTCCATGAGGTATTTCCACACCGCCATGTCCCGGCCCGGCCGCGGGGAGCCCCGCTTCATCTCCGTGGGTTACGTGGATGACACGCAGTTCGTGCGGTTCGACAGCGACGCCGCGAGTCCGAGGATGGAGCCGCGGGCGCCGTGGATAGAGCAGGAGGGACCGGAGTATTGGGACCGGGAGACACACAAAGCCAAGGCCCACGCACAGGTTTTCCGAGTGAACCTGCGCACCGCGCTTCGCTACTACAACCAGAGCGAGGCCGGTGAGTGACCCGGCCCGGGGCGCAGGTCACGACTCCTCCCCATGCCCCACGGACGGCCCGGGTCCGAGATCCACCCCGAGGCAGCAGGACCAGCCCAAGACCCTCGACCTGGGAGTGCCGCGGACGCCTTTGCCCGGTTTCGGTTTCAGTTTAGGCCGAAATCCCCAAGGGTTGGTCGGGGCGGGGCGGTGCTCTGTGGGCGGGGCTGACCGCGGGGCCGGGGCCAGGGTCTCACACCTTCCAGAGGATGCATGGCTGCGACCTGGGGCCTGACGGGCGCCTTCTCCGCGGGTATCACCAGTTACCCTATGATGGCAAGGATTACATCGCCCTGAACGGGGACCTGAGCTCCTGGA,Mamu_MiSeq-IPD_17.06.01_2.2.0.0_plus_SP.fasta
25718,r19013,"17_Mamu_F_01g2|F_01_03,_F_01_05",r19013_NODE_32_length_903_cov_13.141753,TCTGAAGTCCCCACTCACCCTCCGGGACTCAGATTCTCCCCAGACGCGGAGGTTGGGGTCATGGCGCCCCGAACCCTCCTCCTGGTGCTCTCAGGGGCCCTGGCCCTGACCGAGACCTGGGCGGGTGAGTGCGGGGTCGGGAGGGAAAGGGTCTCTGCGGGGAGAAGCGAGGGGCCCGTAAGGCGGGGGCGCAGGACCTGGGGAGTTGCTCCCGGCGGAAGGTCGGGCGGATCTCAGGCCCTCCTCGCCCCCAGGCTCCCACTCCTTGCGGTATTTTAGCACCGCTGTGTCGCGGCCCGGCCGCAGGGAGCCTCAGTACAGGTACATCGCGGTGGAGTACGTGGACGACACGCAGTTCCTGCGGTTCGACAGCGACGCCGCGATTCCGAGGATGGAGCCGCGGGAGCCGTGGGTGGAGCAAGAGGGGCCGCAGTATTGGGAGCGGACCACAGGGTACGCCAAGGCCAACGCACGGACTGACCGAGTGGCCCTGAGGAAGCTGCTCCTCCGCTACAACCAGAGCGAGGCAGGTGAGCGACCCCGACCAGGGGCGCGGGTCATGACCACTCCCCATCAGCCACGGACCGTCCGGGTCCCCCAGAGTCTCCGGGTCCGAAATCCACCCTGAGGCTGCGGGACCCGCCCAGACCCTCCACCCAGGAGAGTCCCAGGCGCCTTTACCGGGTTTCATTTTCAGTTTAGGCCAAAATCCCGGCGGGTTGGGCGGAGAGAGGGCGCGGCTAGCTAGACGGGGCTGACTGCAGGGACCGGGCCAGGGTCTCACACCCTCCAGGGAATGAACGGCTGCGACATGGGGCCCGACGGACGCCTCCTCCGCGGGTATCACCAGCACGCCTACGACGGCAAGGATTACATCTCCCTGAACGAGGACCTGCGCTCCTG,Mamu_MiSeq-IPD_17.06.01_2.2.0.0_plus_SP.fasta
25718,r19013,17_Mamu_F_01_SP_exp13277_ctg30_2463_157bp,r19013_NODE_33_length_902_cov_23.478710,CTAATCTCCGCAGAGTTTCTCTTCTCCCTCTCACAACCTGCGACGGGTCCTTCTTCCTGGACACTCACGACGCGGACCCAGTTCTCACTCCCACTGAGTGTCGGGTTGCTAGAGAAGCCAATTAGCGTCGCGCTGACCCGGTTCTAAAGTCCACACGCATCCACCCACCGGGACTCAGAGTCTTCCCAGACGCCGACGATGGGTCATGGCGCCCCGAACCCTCCTCCTGCTGCTCTCGGGAACCTTGGCCCTGACCGAGACCAAGGCGGGTGAGTGCGGGGTCAGGAGGGAAACCGCCTCTGCGGGAGGAGAGAGGAGCAAGGCGCCCTCTGGGCAGGGGCGCAGGACCTGGGGAGCCGCGCGGGGAGGAGGGTCGGGCGGGTCTCAGCCTCTCCGCGCCCCCAGGCTGGCACTCCTTGAGGTATTTCAGCACCGCCTGTGTCCCGGCCCGGCCACGGGGAGCCCCCGCTTCATCGCCGTGGGCTACATGGACGACACGCAGTTCGTGCGGTTCGACAGCGACGCCGCGAGTCCGAGGATGGAGCCGCGGGAGTGGTGGGTGGAGCAGGAGGGGCCTGGAGTATTGGGAGCTGCAGACACTGGGCGCCAAGGCCCAGGCACAGACTGGCTGAGTGAACCTGAGGACCCTGCTCCCATACTACAACCAGAGCGAGGCCGGTGAGTGATCCCCGCCCGGAGCGCATATCACTTACTCCTGGCTTCATGCCTCACGGACGGCCCTGGTCCCCCTGAGTCTCCGGGCCCAAGATCAACCCGAGGCTGCGGGACCTGCAGAGATCCTCGACCCTGGAGAGCCCCAGAAGCCGTTACCCGGTTTCATCTTCAGTTGAGGCCAAAATCTCTGCAGGTTGCTAGGGGCCAGGCCGGGGCTGGGTGGGCGG,Mamu_MiSeq-IPD_17.06.01_2.2.0.0_plus_SP.fasta
25718,r19013,04_Mamu_B_063_nov_02,r19013_NODE_34_length_887_cov_19.309211,CGCAAGGTTGGGGATTCCCCACTCCCCTAGTTTCACTTCTTCTCCCAACAGTGTCGGGTCCTTCCTCCAGGATACTCGTGACGCGTCCCCAGTTCCCACTCTCATTGGGTGTCGGATGTCTAGAGAAGCCAATCAGCGTCGCCGCGGTCTCAGTTCTAAACTCCCCACGCGCCCACCCGGGCTCAGAGTCTCCTCAGACGCCGAGATGCGGGTCGTGGCGCCCCGAACCCTCCTCCTGCTGCTCTCGGGGGCCCTGGCCCTGACCGAGACCTGGGCCGGTGAGTGCGGGGTCGGGAGGGAAATGGCCTCTGCGGGGAGGAGCGAGGGGACCGCAGGCGGGGGCGGAGGGCCCGGGGAGCCGCGCGGGGAGGAGGGTCGGGCGGGTCTCAGCCTCTCCTCGCCCCCAGGCTCGCACTCCTTGAGGTATTTCAGCACCGCCGTGTCCCGGCCCGGCCGCGGGGAGCCCCGCTTCATCGCCGTGGGCTACGTGGACGACACGCAGTTCCTGCGGTTCGACAGCGACGCCGAGAGTCCGAGGATGGAGCCGCGGGCGCCGTGGGTGGAGCAGGAGGGGCCGGAGTATTGGGAAGAGCAGACAGGGCTCGCCAAGGACATCACACAGTCCTTCCGAGTGGGTCTGGGGAACCTGCGCGGCTACTACAACCAGAGCGAGGCGGGTGAGTGGCCCCGGCCTGGGGCGCAGGTCACGACCCCTCCCCATCCACCACGGACGGCCCGGGTCTCCCCGAGTCTCCGGGTCCGAGATCCGCCCCGAGGCCGCGGGACCCGCCCAGACCCTCGACCGGGGAGAGCCCCAGGCGCCTTTACCCGGCTTCATTTTCAGTTGAGGCCAAAGTCCTCGCGGGTTGGTCGGGGCGGGGCGGGGC,Mamu_MiSeq-IPD_17.06.01_2.2.0.0_plus_SP.fasta
25718,r19013,16_Mamu_E_02_SP_exp13258_ctg23_19119_157bp,r19013_NODE_35_length_877_cov_22.890667,TCTCTTCTCCCTCTCTCAACCTGCGTCTGGTCCTTCTTCCTGGATACTCACCGGGCGGCCCCAGTTCTCACTCCTATTGAGTGTCGGGTTTCTAGAGACGTCAATCAATGTAGCCACGATCCCGGTTCTAGAGTTCCCACGCACCCACCAGGACTCCGATTCTCCCCAGTCGCCAAGGATGGGGTCATGGCGCCCCGGACCCTCCTTCTGCTGCTCTTGGGAGCCCTGGCCCTGACCCAGACTTGTGCCGGTGAGTGCGGGTTCGGGAGGGAAACAGCTTCTGTGGGGAGTAGCTAGGGGTCCGCCCGGCGGGGGCGCAGGAACCCGGTTGCGGTGCCGGGAGGAGGGTCGGGAGGGTCTCAGCGCCCCCCTCGTCCACAGGCTTCCACTCCTTGAGGTATTTCCACACCGCCACGTCCCGGCCCGGCCGCGGGATGCCCCCGCTTCATCTCCATGGGCTAAGTGGACGACACGCAGTTCGTGCGGTTAGACAGCGACGCCGCAAGTCCTAGGATGGAGCCGCGGGCGCCGTGGATGGAGCAGGAGGGGCCGGAATATTGGGAGGAGAAGACAGGGACCGCCAAGACCAACGCACAGTTTACCCAATGAACCTGCGGACCCTGAGCGGCTACTAGAACCAGAGCGAGGCCTGTGAGTGACAACGGCGGGGGCGCAGGTCACTACCCCTCCACATCCCCCACGGACAGTCCGGGTCTCCCCGAGTCTTCGGGTCCGAGATCCACCCCGAGGCCGCGGGACCCGGAGACCCTTGACCGGGGAGAAGCCTAGGAGCCGTTACCCGGTTTCATTTTCAGTTTAGGCCAAAATCCCGCAGGTTGGTCGGGGCGGGGACGGGGCTCGGTGGGCGGGGCTGACC,Mamu_MiSeq-IPD_17.06.01_2.2.0.0_plus_SP.fasta
25718,r19013,04_Mamu_B11L_01_SP_exp13258_ctg30_12811_157bp,r19013_NODE_36_length_870_cov_9.546433,ACCGGGACTCAGATACGCCCCAGGAGCGGAGGATGCAGGTCATGGCGCCCGAACCACCTTCCTGCTGCTCTCGGGGGCCCTGGCCCTGACCGAGACCTGGGCCGGTGGGTGCGGGGGCTGTAGGGAAAGGGCCTCTGCAGGGAGGAGCGAGGGGCCCTCCCGGCGGGGGCTCAGGACCGGGAAGCCGCGCCGGGAGAAGGGTTGGGTGGGTCTCAGCCCCTCCTCGCGCCCAGGCTCCCACTTCATGAGGTATTTGAGCACCGCCGTGTCCCGGCCCGGCCGTGGGGAGCCCCGCTTCATCTCCGTGGGCTACGTGGACGACACGCAGTTGGTGCGGTTCGACAGCGACGCGGTGAGTCCGAGGATGGAGCCGCGGGCGCCGTGGGTGGAGCAGGAGGGGCTGGGGTATTGGGACCGGGAGACACGGAACGCCAAGGGCCACGCACAGATTTCCCGAGAGAACCTGCGGACCCTGCTCGGCTACTACTACCAGAGCGAGGCCGGTGAGTGGCCCCAGCCCGGGGCGCAGGTCACGATCCCTCCCCATCCCCCACGGACGGCCCAGATCCCCCAGAGTCTCTGGGTCTGAGATCCACCCAGAGATGGGTGGATCTGGACCTGGCCAGACCCTCGACCAGGGAAGAAACTCGGGCGCCTTTACTCGGTTTAATTTCCAGTTTAGGCCAAAATCCTTGCGGGTTGGTCGGGGCGGGAGCGGGGCTCGGTGTTCAGGGCTGACCGCGGGGGCGGGGCCATGGTTCTCACACCATTCAGAGGATGCATGGCTGCTACGTGGGGCCCGACGGGCGCCTCCTCCGCGGGTATGAACAGTTCGCTTGCGATGGCAAGGATTACATCGCCCTGAACGAG,Mamu_MiSeq-IPD_17.06.01_2.2.0.0_plus_SP.fasta
25718,r19013,"04_Mamu_B17_01g2|B17_01_01_07,_B17_01_02_01,_B17_01_02_02,_B17_01_04_01,_B17_01_06_01,_B17_01_06_02,_B17_01_10,_B17_01_12,_B17_01_14",r19013_NODE_37_length_840_cov_28.920056,CGAGACCTGGGTGGGTGAGTGCGGGGTCGGGAGGGAAACAGCCTCTGCAGGGAGGATCGAGGGGACCAACCGCCCGGCTGGGGCGCAGGACGCGGGGAGCCGCGCCGGGAGGAGGGTCGGTGGGGGGGCCTCAGCCTCTCCTCGCCCCCAGGCTCCCACTCCTTGAGGTATTTCAGCACCGCTGTCTCCCGGCCCGGCCGCGGGGAGCCCTGGTACCTCGAAGTCGGCTACGTGGACGACACGCAGTTCGTGCGGTTCGACAGCGACGCGGCGAGTCCGAGGATGGAGCCGCGGGCGCCGTGGATGGAGCAGGAGGGGCCGGAGTATTGGGACCGGAACACACGGAACGCCAAGGTCAACGCAGAGACTTTCCGAGGGGACTTGAGGAACCTGCTCCGCTACTACAACCAGAGCGAGGCAGGTGAGTGACCCCGGCCTGGGGCGCGGGTCAGGACCTCTCCCCATCCCCCACGGACGGCCCGAGTTCCCCGGAGTCTTTGGGTCTGAGATCCACCCCGAGGCTGCGGGACCCGCCCAGACCCAGGATCCAGGAGAGCCCCAGGCGCCTTTACCCGGTTTCATTTTCAGCTTAGGCCACAATCCCCGAAGGTTGGTCGGGGCGGGGACCGGAATCGGTGGGGAGGCCTGACCGCAGGGGCGGGGCCAGGGTCTCACACCTTCCAGTGGATGTACGGCTGCGACCTTGGGCCCGACGGGCGCCTCCTCCGCGGGTACCGGCAGTTCGCCTACGACGGCAGGGATTACATCGCCCTGAACGAGGACCTGCGCTCCTGGACCGCCGCAGACACGACGGCTCAGATAACGCAGCGCAAGTGGGAG,Mamu_MiSeq-IPD_17.06.01_2.2.0.0_plus_SP.fasta
25718,r19013,03_Mamu_B_048_01,r19013_NODE_38_length_815_cov_26.779070,GCGGGGTCGGGAGGGAAACGGCCTCTGCGGGGAGGAGCGAGGGGACCGCAGGCGGGGGCGCAGGACCCGGGGAGCCGCGCGGGGAGGAGGGTCGGGCGGGTCTCAGCCTCTCCTCGCCCCCAGGCTCCCACTCCATGAGGTATTTCAGCACCTCCGTGTCCCGGCCCGGCCGCGGGGAGCCCCGCTTCATCGCCGTGGGCTACGTGGACGACACGCAGTTCGTGCGGTTCGACAGCGACGCCGAGAGTCCGAGGATGGAGCCGCGGGCGCGGTGGATAGAGCAGGAGGGGCCGGAGTATTGGGAAGAGGAGACACGGATCGCCAAGGACGCCGCACAGACTTTCCGAGTGGGCCTGGGGATCCTGCGCGGCTACTACAACCAGAGCGAGGCGGGTGAGTGGTCCCAGCGGGGGGCGCAGGTCACGACCCCTCCCCATCCCCACGGACGGCCCGGGTCTCCCCGAGTCTCCGGGTCCGAGATCCGCCCCGAGGCCGCGGGACCCGCCCAGACCCTCGACCGGGGAGAGCCCCAGGCGTCTTTACCCGGTTTCATTTTCAGTGGAGGCCAAAATCCCCGCGGGTTGGTCGGGGCGGGGCGGGGCTCCGGGGACGGGCTGACCGCGGGGGCGGGGCCAGGGTCTCACACCTACCAGTGGATGTATGGCTGCAACGTGGGACCAGACGGGCACCTCCTCCGCGGGTATCACCAGTTCGCCTACGACGGCAAGGATTACATCGCCCTGAACGAGGACCTGCGCTCCTGGACCGCCGGGGACATGGCGGCTCAGAACACCCAGCGCAAGTGGGAGGCGGTC,Mamu_MiSeq-IPD_17.06.01_2.2.0.0_plus_SP.fasta
25718,r19013,"03_Mamu_B_022g|B_022_01,_B_022_02",r19013_NODE_39_length_810_cov_15.237189,CTCCTGCTGCTCTCGGGGGCCCTGGCCCTGACCGAGACCTGGGCCGGTGAGTGCGGGGTCGGGAGGGAAACGGCCTCTGCGGGGAGGAGCGAGGGGACCGCAGGCGGGGGCGCAGGACCCGGGGAGCTTCGCGGGGAGGAGGGTCGGGCGGGTCTCAGCCTCTCCTCGCCCCCAGGCTCGCACTCCTTGAGGTATTTCACCACCGCCGTGTCCCGGCCCGGCCGCCGGGAACCCTGGTATCTCGAAGTCGGCTACGTGGACGACACGCAGTTCGTGTGGTTCGACAGCGACGCCGAGAGTCCGAGGATGGAGCCGCGGGCGCCGTGGATGGAGCAGGAGGGGCCGGAGTATTGGGACCGGAACACACGGAGAGCCAAGGCCAACGCACAGACTGACCGAGGGAACCTGAGGACAGCGCTCCGCTACTACAACCAGAGCGAGGGGGGTGAGTGGCCCCGGCCCGGGGCGCAGGTCACGACCCCTCTCCATCCCCCACGGACGGCCCGGGTCTCCCCGAGTCTCCGGGTCCGAGATCCGCCCCGAGGCCGCGGGACCCGCCCAGACCCTCGACCGGGGAGAGCCCCAGGCGCCTTTACCCGGCTTCATTTTCAGTTGCGGCCAAAATCCCTGCGGGTTGGTCGGGGCGGGGCGGGGCTCGGTAGGCGGGGCTGACCGCGGGGGCGGGGCCAGGGTCTCACACCATCCAGTGGATGTACGGCTGTGACCTGGGGCCCGACGGGCGCCTCCTCCGCGGGTATCACCAGTTCGCCTACGACGGCAAGGATTACATCGCCCTGAACGAGGACCTGC,Mamu_MiSeq-IPD_17.06.01_2.2.0.0_plus_SP.fasta
25718,r19013,04_Mamu_B_057_01,r19013_NODE_41_length_807_cov_18.323529,CGGGAGGGAAACGGCCTCTGCGGGGAGGAGCGAGGGGACCGCAGGCGGGGGCGCAGGACCCGGGGAGCCGCGCGGGGAGGAGGGTCGGGCGGGTCTCAGCCTCTCCTCGCCCCCAGGCTCCCACTCCTTGAGGTATTTCCACACCGCCGTGTCCCGGCCCGGCCGCAGGGAGCCCCGCTTCATCGCCGTGGGCTACGTGGACGACACGCAGTTCGTGCGGTTCGACAGCGACGCCGAGAGTCCGAGAGAGGAGCCGCAGGCGCCGTGGATGGAGCAGGAGAGGCCGGAGTATTGGGAAGAGCAGACACGGATCGCCAAGGGCAACGCACAGACTCACCGAGTGGACCTGCGGACCCTGCTCCGCTACTACAACCAGAGCGACGCCGGTGAGTGACCCCGGCCCGGGGCGCAGGTCACGACCCCTCCCCATCCCCTACAGACGGCCCCGGTGGCCCCGAGTCTCCGGGTCCGAGATCCGCCCCGAGGCCGCGGGACCCGCCCAGACCCTCCAACAGAGAGAGCCCCAGGCGCCTTTACCCGGTTTCATTTTCAGTTGAGGCCAAAATCCCCGGGGGTTGGTCGGGGCGGGGCGGGGCTCGGTGGGCGGGGCTAACTGCGGGAGCGGGGCCAGGGTCTCACACCCTCCAGACGATGTACGGCTGCGACCTGGGACCCGACGGGCGCCTCCTCCGCGGGTATCACCAGTCCGCCTACGACGGCAAGGATTACATCGCCCTGAACGAGGACCTGCGCTCCTGGACCGCCGCGGACATGGCGGCTCAGAACACCAAGCGCAAGTGGGAGGCG,Mamu_MiSeq-IPD_17.06.01_2.2.0.0_plus_SP.fasta
25718,r19013,"04_Mamu_B_035_B_049g|B_035_01,_B_035_02,_B_049_01",r19013_NODE_42_length_806_cov_30.154639,GGCCTCTGCGGGGAGGAGCGAGGGGACCGCAGGCGGGGGCGCAGGACCCGGGGAGCCGCGCGGGGAGGAGGGTCGGGCGGGTCTCAGCCTCTCCTCGCCCCCAGGCTCGCACTCCTTGAGGTATTTCGGCACCGCAGTGTCCCGGCCCGGCCGCGGGGAGCCCCGCTTCATCGTCGTGGGCTACGTGGACGACACGCAGTTCGTGGGGTTCGACAGCGACGCCGAGAGTCCGAGGATGGAGCCGCGGGCGCCGTGGATGGAGCAGGAGGGGCCGGAGTATTGGGAAGAGGAGACACAGAAAGCCAAGGACAACGCACAGACTCACCGAGTGAGCCTGGGAAACCTGCGCGGCTACTACAACCAGAGCGAGGCCGGTGAGTGACCCCGGCCCGGGGCGCAGGTCACGACCCCTCCCCACCCCCCACGGACGGTCCGGGTCTCCCCGAGTCTCCGGGTCCGAGATCCGCCCCGAGGCCGCGGGACCCGCCCAGACCCTCGACCGGGGAGAGCCCCAGGCGCCTTTACCCGGTTTCATTTTCAGTTGAGGCCAAAATCCCCGCGGGGTGGTCGGGGCGGGGCGGGGCTCGGGGGACGGTCTGACCACGGGGGCGGGGCCAGGGTCTCACACCTTCCAGAGGGTGTACGGCTGCGACCTGGGACCCGACGGGCTCCTCCTCCGCGGGTATTACCAGTTCGCCTACGACGGCAAGGATTACATCGCCCTGAACGAGGACCTGCAATCCTGGACCGCTGCAGATGAGGCGGCTCAGAACACCCAGCGCAAGTGGGAGGCGGTCGGTGTGGCA,Mamu_MiSeq-IPD_17.06.01_2.2.0.0_plus_SP.fasta
25718,r19013,"04_Mamu_B_134g2|B_134_03,_B_134_04",r19013_NODE_43_length_803_cov_21.603550,GCCTCTGCGGGGAGGAGCGAGGGGACCGCAGGCGGGGGCGCAGGACCCGGGGAGCCGCGCGGGGAGGAGGGTCGGGCGGGTCTCAGCCTCTCCTCGCCCCCAGGCTCGCACTCCATGAGGTATTTCACCACCGCCGTGTCCCGGCCCGGCCGCGGGGAGCCCCGCTTCATCGTCGTGGGCTACGTGGACGACACGCAGTTCGTGCGGTTCGACAGCGACGCCGAGAGTCCGAGGATGGAGCCGCGGGCGCAGTGGATGGAGCAGGAGGGGCCGGAGTATTGGGAAGAGCAGACACGGATCGTCAAGGACAACGCACAGACTTTCCGAGTGGGTCTGGGGACCCTGCGCGGCTACTACAACCAGAGCGAGGCGGGTGAGTGGTCCTGGCCCGGGGCGCAGGTCACGACCCCTCCCCACCCCTGAAGGACGGCCCGGGTCGCCCCGAGTCTCCGGGTCCGAGATCCGCCCCGAGACCGCGCGACCCGCCGAGACCCTCGACCAGGGAGAGCCCAGGCGCCTTTACCCGGTTTCATTTTCAGCTGAGGCCAAAATCTCCGCGGGTTGGTCGGGGCGGGGCGGGGCTCGGGGGACTGTACTGACCGCGGGGGCGGGGCCAGGGTCTCACACCATCCAGACGATGTACGGCTGCGACCTGGGGCCCGACGGGCGCCTCCTCCGCGGGTATTACCAGGACGCCTACGACGGCAGGGATTACATCGCCCTGAACGAGGACCTGCGCTCCTGGACCGCTGCGGATGAGGCGGCTCAGAACACCCAGCGCAAGTGGGAGGCGGCCGGTGTGG,Mamu_MiSeq-IPD_17.06.01_2.2.0.0_plus_SP.fasta
25718,r19013,19_Mamu_G_02_04,r19013_NODE_44_length_769_cov_13.831776,GTAACAGGTTTTTAGAGAAGCCAGAGTCGCCGCGGTCCCGGTTCTAAAGTCCTCGCTCACCCACTCAGACTCAGATTCTCCCCAGACGCCAAGGATGGTGGTCATGGCGCCCCGAACCCTCCTGCTGCTGCTCTCGGGGGCTCTGGCCCTGACAGAGACATGGGCGGGTGAGTGCGGGATCGGGAGATGGCCTCTGCGGGGAGGGGCCAGGGGACCGCCCGACGGTGGTGCAGGACCCGGGGAGCCGCGCGGGGAGGAGGGTCGGGCGGGTCTCAGCCCCTCCTCGCCCCCAGGCTCCCACTCCATGAGGTACTTCAGCGCTGCCCTGTCCCGGCCCGGCCGCGGGAAGCCCCGCTTCATCGCGGTGGGCCACGTGGAAGACACGCAGTTCCTGCGGCTCGATAGCGACGCTGCGAGTCCGAGGATGGAGCCTCGGGCGCCGTGGGTGGAGCAGGAGGGGCCAGAGTATTGGGAAGAGGAGACACGGATCGCCAAGGCCCACGCACACACTGACAGAGTGAACCTGCGGACACTGCGCAGCTACTACAACCAGAGCCAGGCCGGTGAGTGACCCCGGCCCGGGGCGCAGATCACGACCCCCCACCTCCATGCCCTACAGACGACCAGGTTACTCCTGAGTCTCCAGGTCTGAGATCCACCCCGAGGCCGCGGGACTCGCCCAGACCCTCTACCTGGGAGAAGCTCACTCGCCTTTACCAAAATCCCTGCGGCTTGGTCCGGGAGGGGGCGAGGTTCGGTGGGCGGGGCT,Mamu_MiSeq-IPD_17.06.01_2.2.0.0_plus_SP.fasta
25718,r19013,04_Mamu_B_054_nov_01,r19013_NODE_45_length_746_cov_26.113086,GTCGGGAGGGAAATGGCCTCTGCGGGGAGGAGCGAGGGGACCGCAGGCGGGGGCGCAGGACCCGGGGAGCCGCGCGGGGAGGAGGGTCGGGCGGGTCTCAGCCTCTCCTCGCCCCCAGGCTCGCACTTCTTGAGGTATTTCTACACCACCGTGTCCCGGCCCGGCCGCGGGGAGCCCCGCTTCATCTCCGTGGGCTACGTGGACGACACGCAGTTCGTGCGGTTCGACAGCGACGCCGAGAGTCCGAGAGAGGAGCCGCGGGCGCCGTGGATGGAGCAGGAGGGGCCGGAGTATTGGGAAGAGCAGACAGGGCTCGCCAAGGACATCACACAGTCCTAACGAGTGGGTCTGGGGAACCTGCGCGGCTACTACAACCAGAGCGAGGCGGGTGAGTGGTCCCGGCCCGGGGCGCAGGTCACGACCCCTCCCCATCCCCCACGGACGGCCCGGGTCTCCCCGAGTCTCCGGGTCCGAGATCCGCCCCGAGGCCGCGGGACCCGCCCAGACCCTCGACCGGGAAGAGCCCCAGGCGCCTTTAACCGGCTTGATTTTCACTTGAGGCCAAAGTCCCTTCGGCTTGGTCGGGGCGGGGCGGGGCTCGGTGGGCGGGGCTGACCGCGGGGGCGGGGCCAGGGTCTCACACCATCCAGACGATGTACGGCTGCGACCTGGGACCCGACGGGCGCCTCCTCCGCGGGTGTTACCAGGACGCCTACGACGGCAGGGATTACATCGCCCTGAACGAG,Mamu_MiSeq-IPD_17.06.01_2.2.0.0_plus_SP.fasta
25718,r19013,"04_Mamu_B_046g3|B_046_01_01,_B_046_02_02,_B_046_09,_B_046_15",r19013_NODE_46_length_746_cov_13.218094,CTCTGCGGGGAGGAGCGAGGGGACCGCAGGCGGGGGCGCAGGACCCGGGGAGCCGCGCGGGGAGGAGGGTCGGGCGGGTCTCAGCCTCTCCTCGCCCCCAGGCTCGCACTCCTTGAGGTATTTCAGCGCCGGCACGTCCCGGCCCGGCCGCGGGGAGCCCCGCTTCATCTCCGTGTGCTACGTGGACGACACGCAGTTCCTGCGGTTCGATAGCGACGCCGAGAGTCCGAGGATGGAGCCGCGGGCGCGGTGGTTGGAGCAGGAGGGGCCGGAGTATTGGGAGGAGCAGACAGGGCTCGCCAAGGAGGCCGCACAGACTTTCCGAGTGGGCCTGGGGAACCTGCGCGGCTACTACAACCAGAGCGAGGCGGGTGAGTGGCCCCGGCCCGGGGCGCAGGTCACGACCTCTCCCCACCCCCGAGGGACGGTCCGGGTCTCCCCGAGTCTCCGGGTCCGAGATCCGCCCCGAGGCCGCGGGACCCGCCCAGACCCTCGACCGGGGAGAGCCCCAGGCGCCTTTACCCGGTTTCATTTGCAGTTGAGGCCCAAGTCCCCGCGGGGTGGTCGGGGCGGGGCGGGGCTCGGTGGGCGGGGCTGACCGCGGGGGCGGGGCCAGGGTCTCACACCCTCCAGTGGATGTACGGCTGCGACCTGGGGCCCGACGGGCGCCTCCTCCGCGGGTATCACCAGTTCGCCTACGACGGCAAGGATTACATCGCCCTGAACGGGGACCTGCGCTCCTGGAC,Mamu_MiSeq-IPD_17.06.01_2.2.0.0_plus_SP.fasta
25718,r19013,21_Mamu_B_078_SP_exp13258_ctg2_80314_157bp,r19013_NODE_47_length_742_cov_24.326829,TCTGAATTCCCCGTGAACCCATTGGGACTGATTCTCCCCAGACCCCAAGGAGGGGGTCATGGCGTCCCGAACCCTCCTCCTATTGCTCTCGGGTACCCCGGCCCTGACCGAGACCTGGGAGGGTGAGTGCGGGATCCAGAGGGAAATGGCCTCTGCCAAGAGGAGCGAGGGGCCCGCGCAGCTGGGGCGCAGGACCCGGGGAGCCGCGCCAGGAGGAGGATCGAGAGGGTCTCAGCCCCTCCGCGCCCCCAGGTTCCCACTCCATGAGGTATTTCAGCACCGCCTTGTCCCGGCCCGGCCGCGGGGGCCCCGCTTCATTGCAGTGGGCTACGTGGACGACACGCAGTTCGTGCGGTTCGACAGCGACGCGGCGAGTCCGAGGATGGAGCCGCCGGCGCCGTGGGTGGAGCAGGAGCGGCCGGAGTATTGGGACCGGAGCACACGGAACGCCAAGGTCCACGCACAGACTGACAGAGTGAACCGGCAGACCCTGCTCCGCTACTACAACCAGAGCGAGGCCCATGAGTGACCCCGGCCCGGAGCACAGGTCACGACCCTTCTCCATGCGCACGGACCGCCCGGATCCCCCCGAGTCTCCGGCCCCGAGATCCACCCCGAGGCTGTGGGACCAGCCCAGATCCTCGACCGGGTAGAGCCCCAGGCGCCTTTACCGGGTTTCATTTTCAGTTTAGGCCAAAATCCCCGCGGGTCGGTCGGGGCGGGGGCGGGGCTTGGTGGGCGG,Mamu_MiSeq-IPD_17.06.01_2.2.0.0_plus_SP.fasta
25718,r19013,16_Mamu_E_02_SP_exp13258_ctg38_7513_157bp,r19013_NODE_48_length_728_cov_9.425957,ACTCCCATTGAGTGTCGGGTTTCTAGAGTTCCCGGTTCTAAAGTTCCCACGCACCCACCAGGACTCCGATTCTCCCCAGTCGCCAAGGATGGGGTCATGGCACCCCGGACCCTCCTTCTGCTGCTCTCGGGAGCCCTGGTCCTGACCCAGACCTGTGCCGGTGAGTGCGGGGTCGGGAGGGAAACAGCTTCTGTGGGGAGTAGCTAGGGGTCTGCCCGGTGGGGGCGCAGGAACCCGGTTGCGGTGCCGGGAGGAGGGTCGGGAGGGTCTCAGCGCCCCCCCTCGTCCACAGGCTTCCACTCCTTGAGGTATTTCCACACCGCCACGTCCCGGCCCGGCCGCGGGGTGCCCCCGCTTCATCTCCATGGGCTAAGTGGACGACACGCAGTTCGTGCGGTTGGACAGCGACGCCGCGAGTCCTAGGATGGAGCCGCGGGCGCCGTGGATGGAGCAGGAGGGGCCGGAATATTGGGAGGAGAAGACAGGGACCGCCAAGACCAACGCACAGTTTACCGAATGAACCTGCGGACCCTGAGCGGCTACTAGAACCAGAGCGAGGCCTGTGAGTGACACCGGCCGGGGGCGCAGGTCACTACCCCTGCACATCCCCCACGGACAGTCCGGGTCTCCCCGAGTCTTCGGGTCCGAGATCCACCCCGAGGCCGCGGGACCCGGAGACCCTTGACCGGGGAGAAGCCTAGGAGCCGTTACCCGGTTTCATTTTCAGT,Mamu_MiSeq-IPD_17.06.01_2.2.0.0_plus_SP.fasta
25718,r19013,"16_Mamu_E_02g1|E_02_01_01,_E_02_01_02,_E_02_07,_E_02_10,_E_02_11,_E_02_14,_E_02_17,_E_02_18,_E_02_19",r19013_NODE_49_length_725_cov_57.720736,GACTCAGTTCTCATTCCCAATGGGTGTCGGGTTTCTAGAGAAGCCAATCAGCGTCGCCACGACTCCCGACTATAAAGTCCGCACGCACCCACCCGGATTCAGGAGGCTCTACCGACTCAGAGAATGGGGTCATGGCACTACGAACCCTACTTCTCCTGCTCTCGGCCCTTACCAAGACCTGGGCGGGTGAGTGCGGGGTCGGGATGGAAGCGGCCTCTACCCGGAGGAGAGAGGGGCCGGACCGGCGGGGGCGCAGGACTCGGGGAGCCGCGCCCGGAGTAGGGCCGGACCGGTCTCAGCCCCTCCTCGCCCCCAGGCTCCCACTCCTTGAAGTATTTCCACACTTCCGTGTCCCGGCCCGGCCGCGGGGGGCCCCGCTTCATCTCCGTGGGCTACGTGGACGACACCCAGTTCGTGCGGTATGACAGCGACGCCGCGAGTCCGAGGATGGAGCCGCGGGCGCCGTGGGTGGAGCAGGAGGGGCCGGAGTATTGGGACCAGGAGACACGGAGCGCCAGGGACACCGCACAGACTTTCCGAGTGAACCTGGAGACCCTGCGCGGCTACTACAACCAGAGCGAGGCCGGTGAGTGACCCCGGCCCGGGGCGCAGGTCACGACCCCTCCCCATCCCTCACGGACATCGTGGGTTCCCTCGAGTCTCAGGGTCCAAGATTCACCCCCAGGCTGTGGAACCCGCCCAGACCCTCGACCCGGCAGAGTCCC,Mamu_MiSeq-IPD_17.06.01_2.2.0.0_plus_SP.fasta
25718,r19013,04_Mamu_B_109_nov_01,r19013_NODE_50_length_677_cov_24.378182,TGAGGTATTTCTACACCACCGTGTCCCGGCCCGGCCGCGGGGAGCCCCGCTTCATCTCCGTGGGCTACGTGGACGACACGCAGTTCGTGCGGTTCGACAGCGACGCCGAGAGTCCGAGAGAGGAGCCTCGGGCGCCGTGGATGGAGCAGGAGGGGCCGGAGTATTGGGAAGAGCAGACACGGATCGCCAAGGCCAACGCACAGACTGACCGAGCGGACCTGGGGATCCTGCGCGGCTACTACAACCAGAGCGAGGCCGGTGAGTGGTCCCGGCCAGGGGCGCAGGTCACGACCCCTCCCCATCCCCCACCGACGACCCGGGTCTCCCCGAGTCTCCGGGTCCGAGATCCGCCCCGAGGCCGCGGGACCCGCCCAGACCCTCGACCGGGGAGAGCCCCAGGCACCTTTACCCGGTTACATTTTCACTTGAGGACAAAAATCCTCGCGGGTTGGTCGGGGCGGGGCGGGGCTCGGTGGGCGGGGCTGACCGCGGGGGCGGGGCCAGGGTCTCACACCATCCAGACGATGTATGGCTGCGACCTGGGACCCGACGGACGCCTCCTCCGCGGGTATTACCAGGACGCCTACGACGGCAAAGATTACATCGCCCTGAACGGGGACCTGCGCTCCTGGACCGCCGCGGACATGGCGGCTCAGAACACCCAGCGGAAGTGAGAA,Mamu_MiSeq-IPD_17.06.01_2.2.0.0_plus_SP.fasta
25718,r19013,"04_Mamu_B_070g2|B_070_01,_B_070_06",r19013_NODE_51_length_616_cov_24.615542,CACCTACGTGGGCTACGTGGACGACACGCAGTTCGTGCGGTTCGACAGCGACGCCGCGAGTCCGAGGGTGGAGCCGCGGGCGCCGTGGATGGAGCAGGAGGGGCCGGAGTATTGGGAAGAGCAGACAGGGCTCGCCAAGGCCCGCGCACAGACTGACCGAGCGGACCTGGGGACCCTGCGCGGCTACTACAACCAGAGCGAGGGGGGTGAGTGGCCCCGGCCCGGGGCGCAGGTCACGACCCCTCCCCATTCCCGACGGACGGCCCGGGTCGCCCCTAGTCTCCGGGTCCGAGATCCGCCCCGAGGCCGCGGGACCCGCCCAGACCCTCGACCGGGGAGAGCCCCAGGCGCCTTTACCCGGCTTCATTTTCATTGGGGCCAAAATCCCTGGGGGTTGGTCAGGGCGGGGCGGGGCTCGGGGGACTGTACTGACCGCGGGGGCGGGGCCAGGGTCTCACACCATCCAGTGGATGTTTGGCTGCGACCTGGGTCCCGACGGGCGCCTCCTCCGCGGGTATCACCAGTCCGCCTACGACGGCAAGGATTACATCGCCCTGAACCGGGACCTGCGCTCCTGGACCGCCGCGGACATGGCGGCTCAGATAACCCAGCGCAA,Mamu_MiSeq-IPD_17.06.01_2.2.0.0_plus_SP.fasta
25718,r19013,"19_Mamu_G_02g2|G_02_w_08_altsplice,_G_02_w_09_altsplice",r19013_NODE_52_length_615_cov_34.081967,CCTGCTGCTCTCGGGGGCTCTGGCCCTGACAGAGACCTGGGCGGGTGAGTGCGGGATCGGGAGATGGCCTCTGCGGGGAGGGGCCAGGGGCCCGCCCAACGGTGGTGCAGGACCCGGGGAGCCGCGCCGGGAGGAGGGTCGGGCGGGTCTCAGCCCCTCCTCGCCCCCAGGCTCCCACTCCATGAGGTACTTCAGCGCTGCCGTGTCCCGGCCCGGCCGCGGGGAGCCCCGCTTCATCCCCGTGGGCTACGTGGACAACACGCAGTTCGTGCGGCTCGATAGCGACGCTGCAAGTCCGAGGATGGAGCCGCGGGCGCCGTGGGTGGAGCAGGAGGGGCCGGAGTATTGGGAAGAGGAGACACGGAACATCAAGGCCCACGCACACACTGACAGAGTGAACCTGCGGACCCTGCGCAGCTGCTACAACCAGAGCCAGGCCGGTGAGTGACCCCGGCCTGGGGCGCCGATCACGACCCCCCACCTCCATGCCCTACGGACGACCCGGGTACTCCCGAGTCTCCAGGTCTGAGATCCACCCCGAGGCCGCGGGACTCGCCCAGATCCTCTACCTGGGAGAAGCCCACGCGCCTTTACCCGATTTCCTTTTTAGTTTGG,Mamu_MiSeq-IPD_17.06.01_2.2.0.0_plus_SP.fasta
25718,r19013,"16_Mamu_E_02g5|E_02_04,_E_02_06",r19013_NODE_53_length_579_cov_44.805310,CCGGACCGGCGGGGGCGCAGGACTCGGGGAGCCGCGCCGGGAGTAGGGCCGGACCGGTCTCAGCCCCTCCTCGCCCCCAGGCTCCCACTCCTTGAAGTATTTCCACACTTCCGTGTCCCGGCCCGGCGGCGGGGGGCCCCGCTTCATCTCCGTGGGCTACGTGGACGACACCCAGTTCGTGCGGTATGACAGCGACGCGGCGAGTCCGAGGATGGAGCCGCGGGCGCTGTGGATGAAGCAGGAGGGGCCGGAGTATTGGGACCAGGAGACACGGAGCGCCAGGGCCACCGCACAGACTTTCCGAGTGAACCTGGAGACCCTGCGCGGCTACTACAACCAGAGCGAGGCCGGTGAGTGACCCTGGCCCGGGGCGCAGGTCACGACCCCTCCCCATCCCTCACGGATAACGCGGGTCCCCTCGAGTCTCCGGGTCCGAGATTCACCCCCAGGCTGCGGAACCTGCCCAGACCCTCGACCCGGCAGAGTCCTAGGCTCCTTTACCCGGTTTCATTTTCAGTTTAGGCCACAATCCCTGCGGGTTGGCGGCGACAGGGGCGGGGCTCGGTGGGTGGGACTGAC,Mamu_MiSeq-IPD_17.06.01_2.2.0.0_plus_SP.fasta
25718,r19013,"04_Mamu_B11L_01g1|B11L_01_01_02,_B11L_01_02,_B11L_01_04,_B11L_01_05",r19013_NODE_55_length_527_cov_32.900000,GGCCCGGCCGCGGGGAGCCCCGCTTCATCTCCGTGGGTTACGTGGATGACACGCAGTTCGTGCGGTTCGACAGCAACGCCGCGAGTCCGAGGATGGAGCCGCGGGCGCCGTGGATAGAGCAGGAGGGACCGGAGTATTGGGACCGGGAGACACAGAAAGCCAAGGCCCACGCACAGGTTTTCCGAGTGAACCTGCGCACCGCGCTTCGCTACTACAACCAGAGCGAGGCCGGTGAGTGACCCGGCCCGGGGCGCAGGTCACGACCCCTCCCCATGCCCCACGGACGGCCCGGGTCCGAGATCCACCCCGAGGCAGCAGGACCAGCCCAAGACCCTCGACCTGGGAGTGCCGCGGGCGCCTTTGCCCGGTTTCGGTTTCAGTATAGGCCGAAATCCCCAAGGGTTGGTCGGGGCGGGGCGGGGCTCGGTGGGCGGGGCTGACCGCGGGGCCGGGGCCAGGTCTCACACCTTCCAGAGGATGCATGGCTGCGACCTGGGGCCAGACGGGCGCCTCCTCCGCGGGTATCA,Mamu_MiSeq-IPD_17.06.01_2.2.0.0_plus_SP.fasta
25718,r19013,"04_Mamu_B20_01g|B20_01_01,_B20_01_04",r19013_NODE_59_length_422_cov_30.006780,TACGTGGACGACACGCAGTTCGTGCGGTTCGACAGCGACGCCGAGAGTCCGAGGATGGAGCCGCGGGCGCCGTGGATGGAGCAGGAGGGGCCGGAGTATTGGGAAGAGGAGACACGGATCGCCAAGGAGACCGCACAGACTTTCCGAGTGAGCCTGGGGAACCTGCGCGGCTACTACAACCAGAGCGAGGCCGGTGAGTGGCCCCGGCCCGGGGCGCAGGTCACGACCCCTCCCCACCCCCGACGGACGGCCCGGGTCTCCCCGACTCTCAGGGTCCGAGATGCGCCCCGAGGCCGCGGGACCGGCCCAGACCCTCGACCGGAGAGAGCCCCAGGCGCCTTTACCTGGCTTCATTTTCAGTTGAGGCCAAAGTCCCTGCGGGTTGGTCTGGGCGGGGCGGGGCTCGGTGGGCGGGGCTGACC,Mamu_MiSeq-IPD_17.06.01_2.2.0.0_plus_SP.fasta
25718,r19013,04_Mamu_B16_01_SP_exp13258_ctg37_7753_157bp,r19013_NODE_74_length_255_cov_112.578125,TTCAGCACCTCCGTGTCCCGGCCCGGCCGCGGGGAGCCCCGCTTCATCTCCGTGGGCTACGTGGACGACACGCAGTTCCTGCGGTTCGACAGCGACGCCGCGAGTCCGAGGATGGAGCCGCGGGCGCTGTGGGTGGAGCAGGAGGGGCCGGAGTATTGGGACCGGGAGACGCGGAACGCCGAGGGCCACGCACAGACTCACCGAGAGAACCTGCAGACCCTGCTCCGCTACTACAACCAGAGCGAGGCCGGTGAG,Mamu_MiSeq-IPD_17.06.01_2.2.0.0_plus_SP.fasta
25718,r19013,04_Mamu_B_109_06,r19013_NODE_80_length_203_cov_59.881579,CATCTCCGTGGGCTACGTGGACGACACGCAGTTCGTGCGGTTCGACAGCGACGCCGAGAGTCCGAGAGAGGAGCCGCGGGCGCCGTGGATGGAGCAGGAGGGGCCGGAGTATTGGGAAGAGCAGACACGGATCGCCAAGGCCAACGCACAGACTGACCGAGCGGACCTGGGGATCCTGCGCGGCTACTACAACCAGAGCGAGG,Mamu_MiSeq-IPD_17.06.01_2.2.0.0_plus_SP.fasta
